36.43036084274696 3
0.0 0
47.32143313919378 3
0.0 0
60.76720140641207 2
68.6302237849023 2
77.3669153165581 2
87.07435035173123 2
97.86038927970137 2
109.84487697744596 2
123.1609744193844 2
137.95663824376044 2
154.39626471528936 2
172.6625163503215 2
192.95835150035722 3
0.0 0
154.39626471528936 3
0.0 0
123.1609744193844 3
109.84487697744596 0
97.86038927970137 0
0.0 0
47.32143313919378 2
53.69048126577086 2
60.76720140641207 3
0.0 0
27.608592282625033 3
23.84773305436253 0
20.462959748926277 0
0.0 0
3.1133052914625985 2
4.57033921273622 2
6.189265791929134 3
4.57033921273622 0
3.1133052914625985 0
0.0 0
0.6217772860847051 3
-0.4404004425237654 0
-1.0 1
-1.0 1
-1.0 1
-1.0 1
-1.0 1
-1.0 1
-1.0 1
-1.0 1
-1.0 1
0.0 0
-1.0 0
-1.0 1
-1.0 1
0.0 0
-1.0 0
-1.0 1
-1.0 1
0.0 0
-1.0 0
-1.0 1
-1.0 1
-1.0 1
-1.0 1
-1.0 1
-1.0 1
-1.0 1
-1.0 1
-1.0 1
-1.0 1
0.0 0
-1.0 0
0.0 0
-1.0 0
-1.0 1
-1.0 1
-1.0 1
-1.0 1
-1.0 1
-1.0 1
0.0 0
-1.0 0
-1.0 1
-1.0 1
0.0 0
-1.0 0
-1.0 1
-1.0 1
-1.0 1
-1.0 1
-1.0 1
-1.0 1
0.0 0
-1.0 0
0.0 0
-1.0 0
-1.0 1
-1.0 1
-1.0 1
-1.0 1
-1.0 1
-1.0 1
41.5892898252744 3
0.0 0
53.69048126577086 3
0.0 0
0.0 0
0.0 0
0.0 0
0.0 0
0.0 0
123.1609744193844 3
0.0 0
0.0 0
137.95663824376044 1
0.0 0
215.50927944484135 3
0.0 0
172.6625163503215 3
0.0 0
137.95663824376044 3
0.0 0
109.84487697744596 3
0.0 0
0.0 0
0.0 0
68.6302237849023 3
0.0 0
31.78732475847226 3
0.0 0
0.0 0
0.0 0
0.0 0
0.0 0
7.988073102143481 3
0.0 0
0.0 0
0.0 0
1.801974762316339 3
0.0 0
-0.4404004425237654 3
0.0 0
-1.0 0
0.0 0
-1.0 0
0.0 0
-1.0 0
0.0 0
-1.0 0
0.0 0
0.0 0
0.0 0
-1.0 0
0.0 0
-1.0 0
0.0 0
-1.0 0
0.0 0
-1.0 0
0.0 0
0.0 0
0.0 0
0.0 0
0.0 0
-1.0 0
0.0 0
-1.0 0
0.0 0
0.0 0
0.0 0
-1.0 0
0.0 0
0.0 0
0.0 0
-1.0 0
0.0 0
-1.0 0
0.0 0
-1.0 0
0.0 0
-1.0 0
0.0 0
0.0 0
0.0 0
0.0 0
0.0 0
0.0 0
0.0 0
-1.0 0
0.0 0
-1.0 0
0.0 0
-1.0 0
0.0 0
0.0 0
0.0 0
0.0 0
0.0 0
0.0 0
0.0 0
-1.0 0
47.32143313919378 2
53.69048126577086 2
60.76720140641207 2
68.6302237849023 2
77.3669153165581 2
87.07435035173123 2
97.86038927970137 2
109.84487697744596 2
123.1609744193844 2
137.95663824376044 2
154.39626471528936 3
0.0 0
123.1609744193844 1
0.0 0
240.5658660498237 3
215.50927944484135 0
192.95835150035722 0
0.0 0
154.39626471528936 3
137.95663824376044 0
123.1609744193844 0
109.84487697744596 0
97.86038927970137 0
87.07435035173123 0
77.3669153165581 0
0.0 0
36.43036084274696 3
0.0 0
27.608592282625033 3
0.0 0
6.189265791929134 2
7.988073102143481 2
9.986747891270534 3
0.0 0
0.6217772860847051 2
1.801974762316339 2
3.1133052914625985 3
1.801974762316339 0
0.6217772860847051 0
-0.4404004425237654 0
-1.0 2
0.0 0
-1.0 0
-1.0 1
-1.0 2
0.0 0
-1.0 0
0.0 0
-1.0 0
-1.0 1
-1.0 2
0.0 0
-1.0 0
0.0 0
-1.0 0
0.0 0
-1.0 0
-1.0 1
-1.0 1
-1.0 1
-1.0 1
-1.0 1
-1.0 2
0.0 0
-1.0 0
0.0 0
-1.0 0
-1.0 1
-1.0 2
0.0 0
-1.0 0
-1.0 1
-1.0 2
0.0 0
-1.0 0
0.0 0
-1.0 0
0.0 0
-1.0 0
0.0 0
-1.0 0
-1.0 1
-1.0 1
0.0 0
-1.0 0
0.0 0
-1.0 0
-1.0 1
-1.0 3
-1.0 1
-1.0 2
0.0 0
-1.0 0
-1.0 1
-1.0 1
-1.0 1
-1.0 1
0.0 0
-1.0 0
0.0 0
0.0 0
53.69048126577086 1
0.0 0
68.6302237849023 1
0.0 0
0.0 0
0.0 0
0.0 0
0.0 0
172.6625163503215 3
0.0 0
0.0 0
0.0 0
268.40651783313746 3
0.0 0
0.0 0
0.0 0
172.6625163503215 3
0.0 0
0.0 0
0.0 0
0.0 0
0.0 0
68.6302237849023 1
0.0 0
41.5892898252744 3
0.0 0
31.78732475847226 3
0.0 0
0.0 0
0.0 0
12.20749765696726 3
0.0 0
0.0 0
0.0 0
4.57033921273622 3
0.0 0
0.0 0
0.0 0
0.0 0
0.0 0
0.0 0
0.0 0
0.0 0
0.0 0
-1.0 0
0.0 0
0.0 0
0.0 0
-1.0 0
0.0 0
0.0 0
-1.0 0
-1.0 2
0.0 0
0.0 0
0.0 0
0.0 0
0.0 0
0.0 0
0.0 0
-1.0 0
0.0 0
0.0 0
0.0 0
-1.0 0
0.0 0
-1.0 0
0.0 0
-1.0 0
0.0 0
0.0 0
0.0 0
0.0 0
0.0 0
-1.0 0
0.0 0
-1.0 0
0.0 0
-1.0 0
0.0 0
-1.0 0
0.0 0
-1.0 0
0.0 0
-1.0 0
0.0 0
0.0 0
0.0 0
0.0 0
0.0 0
-1.0 0
0.0 0
-1.0 0
0.0 0
0.0 0
0.0 0
-1.0 0
3131.2440668609006 3
0.0 0
47.32143313919378 1
0.0 0
60.76720140641207 1
0.0 0
123.1609744193844 3
0.0 0
154.39626471528936 2
172.6625163503215 2
192.95835150035722 3
0.0 0
240.5658660498237 2
268.40651783313746 2
299.3405753701527 3
268.40651783313746 0
240.5658660498237 0
215.50927944484135 0
192.95835150035722 0
0.0 0
36.43036084274696 2
41.5892898252744 2
47.32143313919378 2
53.69048126577086 2
60.76720140641207 1
53.69048126577086 0
47.32143313919378 0
41.5892898252744 0
36.43036084274696 0
0.0 0
20.462959748926277 3
17.41666377403365 0
14.674997396630287 0
12.20749765696726 0
9.986747891270534 0
7.988073102143481 0
6.189265791929134 0
4.57033921273622 0
3.1133052914625985 0
1.801974762316339 0
0.6217772860847051 0
0.0 0
-1.0 0
0.0 0
-1.0 0
-1.0 1
-1.0 2
0.0 0
-1.0 0
0.0 0
-1.0 0
-1.0 1
-1.0 1
0.0 0
-1.0 0
0.0 0
-1.0 0
0.0 0
-1.0 0
0.0 0
-1.0 0
0.0 0
-1.0 0
0.0 0
-1.0 0
-1.0 1
-1.0 2
0.0 0
-1.0 0
0.0 0
-1.0 0
0.0 0
-1.0 0
-1.0 1
-1.0 1
-1.0 1
-1.0 3
-1.0 1
-1.0 2
0.0 0
-1.0 0
0.0 0
-1.0 0
-1.0 1
-1.9 0
-1.0 1
-1.9 0
-1.0 1
-1.0 1
-1.0 1
-1.0 1
-1.0 1
-1.0 2
0.0 0
-1.0 0
0.0 0
-1.0 0
-1.0 1
-1.0 2
3480.271185401001 3
0.0 0
0.0 0
0.0 0
0.0 0
0.0 0
137.95663824376044 3
0.0 0
0.0 0
0.0 0
215.50927944484135 3
0.0 0
0.0 0
0.0 0
333.7117504112808 3
0.0 0
0.0 0
0.0 0
0.0 0
27.608592282625033 2
31.78732475847226 1
0.0 0
0.0 0
0.0 0
53.69048126577086 1
0.0 0
41.5892898252744 1
0.0 0
31.78732475847226 1
27.608592282625033 0
23.84773305436253 0
0.0 0
12.20749765696726 1
0.0 0
0.0 0
0.0 0
4.57033921273622 1
0.0 0
1.801974762316339 1
0.0 0
0.0 0
0.0 0
-1.0 0
0.0 0
0.0 0
0.0 0
-1.0 0
0.0 0
-1.0 0
0.0 0
-1.0 0
0.0 0
0.0 0
0.0 0
-1.0 0
0.0 0
-1.0 0
0.0 0
-1.0 0
0.0 0
-1.0 0
0.0 0
-1.0 0
0.0 0
-1.0 0
0.0 0
0.0 0
0.0 0
0.0 0
0.0 0
0.0 0
0.0 0
-1.0 0
0.0 0
-1.0 0
0.0 0
0.0 0
0.0 0
-1.0 0
0.0 0
-1.0 0
0.0 0
0.0 0
0.0 0
-1.0 0
0.0 0
-1.0 0
0.0 0
0.0 0
0.0 0
0.0 0
0.0 0
0.0 0
0.0 0
0.0 0
0.0 0
0.0 0
0.0 0
-1.0 0
3868.0790948900008 2
4298.976772100001 2
4777.751969000001 3
0.0 0
123.1609744193844 2
137.95663824376044 2
154.39626471528936 2
172.6625163503215 2
192.95835150035722 2
215.50927944484135 2
240.5658660498237 2
268.40651783313746 2
299.3405753701527 2
333.7117504112808 2
371.90194490142306 3
333.7117504112808 0
299.3405753701527 0
268.40651783313746 0
240.5658660498237 0
0.0 0
27.608592282625033 1
31.78732475847226 2
36.43036084274696 2
41.5892898252744 2
47.32143313919378 1
41.5892898252744 0
36.43036084274696 0
31.78732475847226 0
27.608592282625033 0
0.0 0
20.462959748926277 1
0.0 0
9.986747891270534 1
0.0 0
3.1133052914625985 3
0.0 0
3.1133052914625985 1
1.801974762316339 0
0.6217772860847051 0
0.0 0
-1.0 0
-1.0 1
-1.9 0
-1.0 1
-1.0 1
0.0 0
-1.0 0
0.0 0
-1.0 0
-1.0 1
-1.0 2
0.0 0
-1.0 0
-1.0 1
-1.0 2
0.0 0
-1.0 0
-1.0 1
-1.0 3
-1.0 1
-1.0 2
0.0 0
-1.0 0
-1.0 1
-1.0 2
0.0 0
-1.0 0
0.0 0
-1.0 0
-1.0 1
-1.0 1
0.0 0
-1.0 0
-1.0 1
-1.0 2
0.0 0
-1.0 0
0.0 0
-1.0 0
0.0 0
-1.0 0
-1.0 1
-1.0 1
0.0 0
-1.0 0
0.0 0
-1.0 0
-1.0 1
-1.0 1
0.0 0
-1.0 0
0.0 0
-1.0 0
0.0 0
-1.0 0
0.0 0
-1.0 0
0.0 0
-1.0 0
0.0 0
0.0 0
5309.724410000001 3
0.0 0
0.0 0
0.0 0
0.0 0
0.0 0
0.0 0
0.0 0
0.0 0
0.0 0
0.0 0
0.0 0
414.33549433491453 3
0.0 0
0.0 0
0.0 0
0.0 0
0.0 0
0.0 0
0.0 0
0.0 0
0.0 0
0.0 0
0.0 0
0.0 0
0.0 0
23.84773305436253 1
0.0 0
0.0 0
0.0 0
7.988073102143481 1
0.0 0
4.57033921273622 3
0.0 0
0.0 0
0.0 0
-0.4404004425237654 1
0.0 0
0.0 0
0.0 0
-1.0 0
0.0 0
0.0 0
0.0 0
-1.0 0
0.0 0
0.0 0
0.0 0
-1.0 0
0.0 0
-1.0 0
0.0 0
0.0 0
0.0 0
0.0 0
0.0 0
0.0 0
0.0 0
-1.0 0
0.0 0
-1.0 0
0.0 0
0.0 0
0.0 0
-1.0 0
0.0 0
-1.0 0
0.0 0
0.0 0
0.0 0
0.0 0
0.0 0
0.0 0
0.0 0
-1.0 0
0.0 0
-1.0 0
0.0 0
0.0 0
0.0 0
-1.0 0
0.0 0
-1.0 0
0.0 0
0.0 0
0.0 0
0.0 0
0.0 0
-1.0 0
0.0 0
-1.0 0
0.0 0
-1.0 0
0.0 0
-1.0 0
0.0 0
-1.0 0
4777.751969000001 2
5309.724410000001 2
5900.804900000001 3
0.0 0
7287.290000000001 3
6557.561000000001 0
5900.804900000001 0
0.0 0
572.0788674004314 2
636.7542971115904 2
708.6158856795448 3
0.0 0
572.0788674004314 3
0.0 0
461.48388259434944 3
0.0 0
154.39626471528936 2
172.6625163503215 2
192.95835150035722 3
0.0 0
-1.0 0
0.0 0
0.6217772860847051 2
1.801974762316339 2
3.1133052914625985 3
0.0 0
14.674997396630287 2
17.41666377403365 2
20.462959748926277 1
0.0 0
6.189265791929134 3
4.57033921273622 0
6.189265791929134 1
0.0 0
6.189265791929134 3
4.57033921273622 0
3.1133052914625985 0
0.0 0
-1.0 0
0.0 0
-1.0 0
-1.0 1
-1.0 2
0.0 0
-1.0 0
-1.0 1
-1.9 0
-1.0 1
-1.0 1
-1.0 1
-1.9 0
-1.0 1
-1.0 3
-1.0 1
-1.0 1
0.0 0
-1.0 0
-1.0 1
-1.0 1
-1.0 1
-1.0 3
-1.0 1
-1.0 2
0.0 0
-1.0 0
0.0 0
-1.0 0
0.0 0
-1.0 0
-1.0 1
-1.0 1
0.0 0
-1.0 0
-1.0 1
-1.0 1
-1.0 1
-1.0 2
0.0 0
-1.0 0
-1.0 1
-1.0 1
0.0 0
-1.0 0
0.0 0
-1.0 0
0.0 0
-1.0 0
0.0 0
-1.0 0
-1.0 1
-1.0 2
0.0 0
-1.0 0
-1.0 1
-1.0 2
0.0 0
-1.0 0
-1.0 1
-1.0 2
0.0 0
0.0 0
6557.561000000001 3
0.0 0
8098.1 3
0.0 0
0.0 0
0.0 0
0.0 0
0.0 0
788.4620951994942 3
0.0 0
636.7542971115904 3
0.0 0
513.8709806603882 3
0.0 0
0.0 0
0.0 0
215.50927944484135 3
0.0 0
-0.4404004425237654 3
0.0 0
0.0 0
0.0 0
4.57033921273622 3
0.0 0
0.0 0
0.0 0
17.41666377403365 1
0.0 0
7.988073102143481 3
0.0 0
0.0 0
0.0 0
7.988073102143481 3
0.0 0
0.0 0
-1.0 0
-1.0 2
0.0 0
0.0 0
0.0 0
-1.0 0
0.0 0
0.0 0
0.0 0
-1.0 0
0.0 0
0.0 0
0.0 0
-1.0 0
0.0 0
0.0 0
0.0 0
0.0 0
0.0 0
0.0 0
0.0 0
0.0 0
0.0 0
0.0 0
0.0 0
-1.0 0
0.0 0
-1.0 0
0.0 0
-1.0 0
0.0 0
-1.0 0
0.0 0
0.0 0
-1.0 0
-1.0 2
0.0 0
0.0 0
0.0 0
-1.0 0
0.0 0
-1.0 0
0.0 0
0.0 0
0.0 0
-1.0 0
0.0 0
-1.0 0
0.0 0
-1.0 0
0.0 0
-1.0 0
0.0 0
0.0 0
0.0 0
0.0 0
0.0 0
-1.0 0
0.0 0
0.0 0
0.0 0
-1.0 0
5900.804900000001 2
6557.561000000001 2
7287.290000000001 2
8098.1 2
8999.0 3
0.0 0
1342.2025693906655 3
1206.982312451599 0
1085.2840812064392 0
975.7556730857953 0
877.1801057772158 0
788.4620951994942 0
708.6158856795448 0
636.7542971115904 0
572.0788674004314 0
0.0 0
299.3405753701527 3
268.40651783313746 0
240.5658660498237 0
0.0 0
0.6217772860847051 2
1.801974762316339 2
3.1133052914625985 2
4.57033921273622 2
6.189265791929134 2
7.988073102143481 2
9.986747891270534 2
12.20749765696726 2
14.674997396630287 1
12.20749765696726 0
9.986747891270534 0
12.20749765696726 2
14.674997396630287 3
12.20749765696726 0
9.986747891270534 0
7.988073102143481 0
6.189265791929134 0
0.0 0
-1.0 0
-1.0 1
-1.0 1
-1.0 1
-1.0 2
0.0 0
-1.0 0
0.0 0
-1.0 0
-1.0 1
-1.0 1
-1.0 1
-1.9 0
-1.0 1
-1.0 1
0.0 0
-1.0 0
0.0 0
-1.0 0
-1.0 1
-1.0 1
-1.0 1
-1.0 1
-1.0 1
-1.9 0
-1.0 1
-1.0 2
0.0 0
-1.0 0
-1.0 1
-1.0 2
0.0 0
-1.0 0
0.0 0
-1.0 0
-1.0 1
-1.0 1
-1.0 1
-1.0 2
0.0 0
-1.0 0
0.0 0
-1.0 0
-1.0 1
-1.0 3
-1.0 1
-1.0 2
0.0 0
-1.0 0
-1.0 1
-1.9 0
-1.0 1
-1.0 1
-1.0 1
-1.0 1
-1.0 1
-1.0 2
0.0 0
-1.0 0
-1.0 1
-1.0 2
5309.724410000001 1
0.0 0
6557.561000000001 1
0.0 0
10000.0 3
0.0 0
1492.4472993229617 3
0.0 0
0.0 0
0.0 0
0.0 0
0.0 0
0.0 0
0.0 0
513.8709806603882 1
0.0 0
333.7117504112808 3
0.0 0
0.0 0
0.0 0
0.0 0
0.0 0
0.0 0
0.0 0
4.57033921273622 1
0.0 0
0.0 0
0.0 0
0.0 0
0.0 0
7.988073102143481 1
0.0 0
17.41666377403365 3
0.0 0
7.988073102143481 1
0.0 0
4.57033921273622 1
0.0 0
0.0 0
0.0 0
0.0 0
0.0 0
-1.0 0
0.0 0
-1.0 0
0.0 0
0.0 0
0.0 0
0.0 0
0.0 0
-1.0 0
0.0 0
0.0 0
0.0 0
-1.0 0
0.0 0
0.0 0
0.0 0
-1.0 0
0.0 0
0.0 0
0.0 0
-1.0 0
0.0 0
-1.0 0
0.0 0
0.0 0
0.0 0
-1.0 0
0.0 0
-1.0 0
0.0 0
0.0 0
0.0 0
0.0 0
0.0 0
-1.0 0
0.0 0
-1.0 0
0.0 0
0.0 0
0.0 0
0.0 0
0.0 0
-1.0 0
0.0 0
-1.0 0
0.0 0
-1.0 0
0.0 0
0.0 0
0.0 0
0.0 0
0.0 0
0.0 0
0.0 0
0.0 0
0.0 0
-1.0 0
4777.751969000001 1
0.0 0
5900.804900000001 1
0.0 0
0.0 0
0.0 0
1659.385888136624 3
1492.4472993229617 0
1342.2025693906655 0
0.0 0
192.95835150035722 2
215.50927944484135 2
240.5658660498237 3
0.0 0
461.48388259434944 1
0.0 0
371.90194490142306 3
333.7117504112808 0
299.3405753701527 0
0.0 0
97.86038927970137 2
109.84487697744596 2
123.1609744193844 3
0.0 0
3.1133052914625985 1
0.0 0
0.6217772860847051 2
1.801974762316339 2
3.1133052914625985 2
4.57033921273622 2
6.189265791929134 1
0.0 0
20.462959748926277 3
0.0 0
6.189265791929134 1
0.0 0
3.1133052914625985 1
1.801974762316339 0
0.6217772860847051 0
0.0 0
-1.0 0
0.0 0
-1.0 0
0.0 0
-1.0 0
0.0 0
-1.0 0
-1.0 1
-1.0 1
0.0 0
-1.0 0
-1.0 1
-1.0 1
0.0 0
-1.0 0
-1.0 1
-1.0 1
0.0 0
-1.0 0
-1.0 1
-1.0 1
-1.0 1
-1.0 2
0.0 0
-1.0 0
-1.0 1
-1.0 1
-1.0 1
-1.0 2
0.0 0
-1.0 0
0.0 0
-1.0 0
-1.0 1
-1.0 1
0.0 0
-1.0 0
-1.0 1
-1.9 0
-1.0 1
-1.0 1
-1.0 1
-1.0 1
-1.0 1
-1.0 3
-1.0 1
-1.9 0
-1.0 1
-1.0 2
0.0 0
-1.0 0
0.0 0
-1.0 0
0.0 0
-1.0 0
-1.0 1
-1.0 1
0.0 0
-1.0 0
0.0 0
0.0 0
5309.724410000001 1
0.0 0
0.0 0
0.0 0
1844.8732090406934 3
0.0 0
0.0 0
0.0 0
215.50927944484135 3
0.0 0
268.40651783313746 3
0.0 0
414.33549433491453 1
0.0 0
414.33549433491453 3
0.0 0
0.0 0
0.0 0
0.0 0
0.0 0
137.95663824376044 3
0.0 0
0.0 0
0.0 0
0.0 0
0.0 0
0.0 0
0.0 0
0.0 0
0.0 0
23.84773305436253 3
0.0 0
0.0 0
0.0 0
0.0 0
0.0 0
-0.4404004425237654 1
0.0 0
-1.0 0
0.0 0
-1.0 0
0.0 0
-1.0 0
0.0 0
0.0 0
0.0 0
-1.0 0
0.0 0
-1.0 0
0.0 0
0.0 0
0.0 0
0.0 0
0.0 0
-1.0 0
0.0 0
0.0 0
0.0 0
0.0 0
0.0 0
-1.0 0
0.0 0
0.0 0
0.0 0
0.0 0
0.0 0
-1.0 0
0.0 0
-1.0 0
0.0 0
0.0 0
0.0 0
-1.0 0
0.0 0
-1.0 0
0.0 0
-1.0 0
0.0 0
-1.0 0
0.0 0
0.0 0
0.0 0
0.0 0
0.0 0
-1.0 0
0.0 0
0.0 0
0.0 0
-1.0 0
0.0 0
-1.0 0
0.0 0
0.0 0
0.0 0
-1.0 0
0.0 0
-1.0 0
1659.385888136624 3
0.0 0
4777.751969000001 1
4298.976772100001 0
3868.0790948900008 0
0.0 0
2050.970232267437 3
0.0 0
1659.385888136624 3
0.0 0
240.5658660498237 2
268.40651783313746 2
299.3405753701527 2
333.7117504112808 2
371.90194490142306 1
414.33549433491453 2
461.48388259434944 3
414.33549433491453 0
371.90194490142306 0
0.0 0
192.95835150035722 3
172.6625163503215 0
154.39626471528936 0
137.95663824376044 0
123.1609744193844 0
109.84487697744596 0
97.86038927970137 0
87.07435035173123 0
77.3669153165581 0
68.6302237849023 0
60.76720140641207 0
0.0 0
27.608592282625033 3
0.0 0
-1.0 0
-1.0 1
-1.0 1
-1.0 1
-1.0 3
-1.0 1
-1.0 3
-1.0 1
-1.0 2
0.0 0
-1.0 0
-1.0 1
-1.0 1
-1.0 1
-1.0 3
-1.0 1
-1.0 2
0.0 0
-1.0 0
-1.0 1
-1.0 1
0.0 0
-1.0 0
-1.0 1
-1.0 1
-1.0 1
-1.0 1
-1.0 1
-1.0 2
0.0 0
-1.0 0
-1.0 1
-1.0 1
0.0 0
-1.0 0
-1.0 1
-1.0 2
0.0 0
-1.0 0
0.0 0
-1.0 0
-1.0 1
-1.0 3
-1.0 1
-1.0 3
-1.0 1
-1.0 2
0.0 0
-1.0 0
-1.0 1
-1.0 1
0.0 0
-1.0 0
0.0 0
-1.0 0
0.0 0
-1.0 0
-1.0 1
-1.0 3
-1.0 1
-1.0 1
0.0 0
-1.0 0
-1.0 1
-1.0 2
1844.8732090406934 3
0.0 0
4298.976772100001 1
0.0 0
3480.271185401001 1
0.0 0
2279.966924741597 3
0.0 0
1844.8732090406934 3
0.0 0
0.0 0
0.0 0
0.0 0
0.0 0
414.33549433491453 3
0.0 0
513.8709806603882 3
0.0 0
0.0 0
0.0 0
215.50927944484135 3
0.0 0
0.0 0
0.0 0
137.95663824376044 3
0.0 0
0.0 0
0.0 0
68.6302237849023 1
0.0 0
53.69048126577086 1
0.0 0
31.78732475847226 3
27.608592282625033 0
0.0 0
0.0 0
0.0 0
0.0 0
0.0 0
0.0 0
0.0 0
0.0 0
-1.0 0
0.0 0
-1.0 0
0.0 0
0.0 0
0.0 0
0.0 0
0.0 0
-1.0 0
-1.0 1
-1.0 2
0.0 0
0.0 0
0.0 0
0.0 0
0.0 0
0.0 0
0.0 0
0.0 0
0.0 0
-1.0 0
0.0 0
-1.0 0
0.0 0
-1.0 0
0.0 0
0.0 0
0.0 0
-1.0 0
0.0 0
-1.0 0
0.0 0
0.0 0
0.0 0
0.0 0
0.0 0
0.0 0
0.0 0
-1.0 0
0.0 0
0.0 0
0.0 0
-1.0 0
0.0 0
-1.0 0
0.0 0
-1.0 0
0.0 0
-1.0 0
0.0 0
0.0 0
-1.0 0
0.0 0
0.0 0
-1.0 0
0.0 0
0.0 0
2050.970232267437 3
0.0 0
3868.0790948900008 1
0.0 0
3131.2440668609006 1
2817.1196601748106 0
2534.40769415733 0
2279.966924741597 0
2050.970232267437 0
1844.8732090406934 0
1659.385888136624 0
0.0 0
371.90194490142306 2
414.33549433491453 2
461.48388259434944 2
513.8709806603882 2
572.0788674004314 3
513.8709806603882 0
461.48388259434944 0
0.0 0
240.5658660498237 3
215.50927944484135 0
192.95835150035722 0
172.6625163503215 0
154.39626471528936 0
0.0 0
47.32143313919378 2
53.69048126577086 2
60.76720140641207 1
53.69048126577086 0
47.32143313919378 0
41.5892898252744 0
36.43036084274696 0
0.0 0
9.986747891270534 3
0.0 0
-1.0 0
-1.0 1
-1.0 1
-1.0 1
-1.0 1
-1.0 1
-1.9 0
-1.0 1
-1.0 2
0.0 0
-1.0 0
0.0 0
-1.0 0
-1.0 1
-1.0 2
0.0 0
-1.0 0
-1.0 1
-1.0 1
0.0 0
-1.0 0
0.0 0
-1.0 0
0.0 0
-1.0 0
-1.0 1
-1.0 3
-1.0 1
-1.9 0
-1.0 1
-1.0 2
0.0 0
-1.0 0
-1.0 1
-1.0 3
-1.0 1
-1.9 0
-1.0 1
-1.0 1
-1.0 1
-1.0 1
-1.0 1
-1.0 1
0.0 0
-1.0 0
0.0 0
-1.0 0
-1.0 1
-1.0 3
-1.0 1
-1.0 3
-1.0 1
-1.0 2
0.0 0
-1.0 0
-1.0 1
-1.0 1
0.0 0
-1.0 0
-1.0 1
-1.9 0
-1.0 1
-1.0 1
2279.966924741597 3
0.0 0
3480.271185401001 1
0.0 0
0.0 0
0.0 0
2279.966924741597 1
0.0 0
0.0 0
0.0 0
1492.4472993229617 1
0.0 0
0.0 0
0.0 0
0.0 0
0.0 0
636.7542971115904 3
0.0 0
0.0 0
0.0 0
268.40651783313746 3
0.0 0
0.0 0
0.0 0
137.95663824376044 1
123.1609744193844 0
0.0 0
0.0 0
0.0 0
0.0 0
41.5892898252744 1
0.0 0
0.0 0
0.0 0
12.20749765696726 3
0.0 0
0.0 0
0.0 0
-1.0 0
0.0 0
0.0 0
0.0 0
-1.0 0
0.0 0
-1.0 0
0.0 0
-1.0 0
0.0 0
-1.0 0
0.0 0
-1.0 0
0.0 0
-1.0 0
0.0 0
0.0 0
0.0 0
-1.0 0
0.0 0
-1.0 0
0.0 0
-1.0 0
0.0 0
0.0 0
0.0 0
-1.0 0
0.0 0
0.0 0
0.0 0
0.0 0
0.0 0
0.0 0
0.0 0
-1.0 0
0.0 0
-1.0 0
0.0 0
-1.0 0
0.0 0
-1.0 0
0.0 0
0.0 0
0.0 0
-1.0 0
0.0 0
0.0 0
0.0 0
0.0 0
0.0 0
-1.0 0
0.0 0
-1.0 0
0.0 0
0.0 0
-1.0 0
0.0 0
0.0 0
-1.0 0
0.0 0
-1.0 0
2534.40769415733 2
2817.1196601748106 2
3131.2440668609006 1
2817.1196601748106 0
2534.40769415733 0
0.0 0
2050.970232267437 1
0.0 0
1085.2840812064392 3
0.0 0
1342.2025693906655 1
1206.982312451599 0
1085.2840812064392 0
975.7556730857953 0
877.1801057772158 0
788.4620951994942 0
708.6158856795448 0
0.0 0
371.90194490142306 3
333.7117504112808 0
299.3405753701527 0
268.40651783313746 0
240.5658660498237 0
0.0 0
123.1609744193844 1
0.0 0
60.76720140641207 3
0.0 0
47.32143313919378 3
0.0 0
36.43036084274696 1
0.0 0
9.986747891270534 2
12.20749765696726 2
14.674997396630287 3
12.20749765696726 0
9.986747891270534 0
0.0 0
-1.0 0
0.0 0
-1.0 0
0.0 0
-1.0 0
0.0 0
-1.0 0
0.0 0
-1.0 0
-1.0 1
-1.0 3
-1.0 1
-1.0 3
-1.0 1
-1.9 0
-1.0 1
-1.0 1
-1.0 1
-1.0 3
-1.0 1
-1.9 0
-1.0 1
-1.0 3
-1.0 1
-1.0 1
0.0 0
-1.0 0
0.0 0
-1.0 0
0.0 0
-1.0 0
-1.0 1
-1.0 1
0.0 0
-1.0 0
0.0 0
-1.0 0
0.0 0
-1.0 0
0.0 0
-1.0 0
-1.0 1
-1.0 1
-1.0 1
-1.0 2
0.0 0
-1.0 0
0.0 0
-1.0 0
-1.0 1
-1.9 0
-1.0 1
-1.0 2
0.0 0
-1.0 0
-1.0 3
-1.0 1
0.0 0
-1.0 0
-1.0 1
-1.0 2
2279.966924741597 1
0.0 0
0.0 0
0.0 0
2279.966924741597 1
0.0 0
1844.8732090406934 1
0.0 0
1206.982312451599 3
0.0 0
0.0 0
0.0 0
0.0 0
0.0 0
788.4620951994942 1
0.0 0
0.0 0
0.0 0
414.33549433491453 3
0.0 0
0.0 0
0.0 0
0.0 0
0.0 0
109.84487697744596 1
0.0 0
68.6302237849023 3
60.76720140641207 0
53.69048126577086 0
0.0 0
31.78732475847226 1
0.0 0
0.0 0
0.0 0
17.41666377403365 3
0.0 0
0.0 0
0.0 0
-1.0 0
0.0 0
-1.0 0
0.0 0
-1.0 0
0.0 0
0.0 0
0.0 0
0.0 0
0.0 0
0.0 0
0.0 0
0.0 0
0.0 0
-1.0 0
0.0 0
0.0 0
-1.0 0
0.0 0
0.0 0
-1.0 0
0.0 0
0.0 0
0.0 0
-1.0 0
0.0 0
0.0 0
0.0 0
-1.0 0
0.0 0
0.0 0
0.0 0
-1.0 0
0.0 0
-1.0 0
-1.0 1
0.0 0
0.0 0
0.0 0
0.0 0
0.0 0
0.0 0
-1.0 0
0.0 0
0.0 0
-1.0 0
-1.0 2
0.0 0
0.0 0
0.0 0
-1.0 0
0.0 0
-1.0 0
0.0 0
-1.0 0
0.0 0
0.0 0
-1.0 0
-1.0 2
0.0 0
0.0 0
2050.970232267437 1
1844.8732090406934 0
1659.385888136624 0
1844.8732090406934 2
2050.970232267437 1
1844.8732090406934 0
1659.385888136624 0
1492.4472993229617 0
1342.2025693906655 0
1206.982312451599 0
1085.2840812064392 0
975.7556730857953 0
877.1801057772158 0
788.4620951994942 0
708.6158856795448 0
636.7542971115904 0
572.0788674004314 0
513.8709806603882 0
461.48388259434944 0
0.0 0
240.5658660498237 3
0.0 0
77.3669153165581 2
87.07435035173123 2
97.86038927970137 1
87.07435035173123 0
77.3669153165581 0
0.0 0
47.32143313919378 1
41.5892898252744 0
36.43036084274696 0
31.78732475847226 0
27.608592282625033 0
23.84773305436253 0
20.462959748926277 0
17.41666377403365 0
14.674997396630287 0
0.0 0
-1.0 0
0.0 0
-1.0 0
-1.0 1
-1.0 2
0.0 0
-1.0 0
0.0 0
-1.0 0
-1.0 1
-1.0 1
0.0 0
-1.0 0
0.0 0
-1.0 0
-1.0 1
-1.0 1
-1.0 3
-1.0 1
-1.0 1
-1.9 0
-1.0 1
-1.0 1
0.0 0
-1.0 0
0.0 0
-1.0 0
0.0 0
-1.0 0
-1.0 1
-1.0 1
0.0 0
-1.0 0
-1.0 1
-1.0 2
0.0 0
-1.0 0
0.0 0
-1.0 0
0.0 0
-1.0 0
-1.0 1
-1.0 2
0.0 0
-1.0 0
0.0 0
-1.0 0
-1.0 1
-1.0 1
-1.0 1
-1.9 0
-1.0 1
-1.0 2
0.0 0
-1.0 0
-1.0 1
-1.0 1
0.0 0
-1.0 0
0.0 0
-1.0 0
0.0 0
1659.385888136624 1
0.0 0
0.0 0
1844.8732090406934 1
0.0 0
0.0 0
0.0 0
1206.982312451599 1
0.0 0
975.7556730857953 1
0.0 0
0.0 0
0.0 0
636.7542971115904 1
0.0 0
0.0 0
0.0 0
414.33549433491453 1
0.0 0
268.40651783313746 3
0.0 0
68.6302237849023 1
0.0 0
87.07435035173123 1
0.0 0
0.0 0
0.0 0
0.0 0
0.0 0
31.78732475847226 1
0.0 0
0.0 0
0.0 0
0.0 0
0.0 0
0.0 0
0.0 0
0.0 0
0.0 0
-1.0 0
0.0 0
0.0 0
0.0 0
-1.0 0
0.0 0
0.0 0
0.0 0
-1.0 0
0.0 0
-1.0 0
0.0 0
-1.0 0
0.0 0
-1.0 0
0.0 0
0.0 0
0.0 0
-1.0 0
0.0 0
0.0 0
0.0 0
0.0 0
0.0 0
-1.0 0
0.0 0
-1.0 0
0.0 0
0.0 0
0.0 0
-1.0 0
0.0 0
0.0 0
0.0 0
-1.0 0
0.0 0
-1.0 0
0.0 0
0.0 0
0.0 0
-1.0 0
0.0 0
-1.0 0
0.0 0
0.0 0
0.0 0
-1.0 0
0.0 0
-1.0 0
0.0 0
0.0 0
0.0 0
-1.0 0
0.0 0
0.0 0
0.0 0
-1.0 0
0.0 0
-1.0 0
1342.2025693906655 2
1492.4472993229617 1
1342.2025693906655 0
1492.4472993229617 2
1659.385888136624 1
0.0 0
877.1801057772158 2
975.7556730857953 2
1085.2840812064392 1
0.0 0
877.1801057772158 1
0.0 0
461.48388259434944 2
513.8709806603882 2
572.0788674004314 1
513.8709806603882 0
461.48388259434944 0
0.0 0
371.90194490142306 1
333.7117504112808 0
299.3405753701527 0
0.0 0
60.76720140641207 1
0.0 0
77.3669153165581 1
0.0 0
36.43036084274696 3
31.78732475847226 0
27.608592282625033 0
23.84773305436253 0
27.608592282625033 1
23.84773305436253 0
20.462959748926277 0
0.0 0
-1.0 0
-1.0 1
-1.0 1
-1.0 1
-1.0 1
0.0 0
-1.0 0
0.0 0
-1.0 0
-1.0 1
-1.0 3
-1.0 1
-1.0 1
-1.0 1
-1.9 0
-1.0 1
-1.0 3
-1.0 1
-1.0 2
0.0 0
-1.0 0
0.0 0
-1.0 0
-1.0 1
-1.0 2
0.0 0
-1.0 0
-1.0 1
-1.0 1
-1.0 1
-1.0 2
0.0 0
-1.0 0
-1.0 1
-1.0 1
0.0 0
-1.0 0
0.0 0
-1.0 0
-1.0 1
-1.0 3
-1.0 1
-1.0 2
0.0 0
-1.0 0
0.0 0
-1.0 0
0.0 0
-1.0 0
-1.0 1
-1.0 1
-1.0 1
-1.9 0
-1.0 1
-1.0 2
0.0 0
-1.0 0
-1.0 1
-1.0 3
-1.0 1
-1.0 1
-1.0 1
-1.9 0
-1.0 1
-1.0 2
0.0 0
0.0 0
1206.982312451599 1
0.0 0
0.0 0
708.6158856795448 2
788.4620951994942 1
0.0 0
975.7556730857953 1
0.0 0
788.4620951994942 1
0.0 0
0.0 0
0.0 0
0.0 0
0.0 0
414.33549433491453 1
0.0 0
333.7117504112808 1
0.0 0
0.0 0
0.0 0
68.6302237849023 3
0.0 0
68.6302237849023 1
0.0 0
41.5892898252744 3
0.0 0
0.0 0
0.0 0
23.84773305436253 1
0.0 0
17.41666377403365 1
0.0 0
0.0 0
0.0 0
-1.0 0
0.0 0
0.0 0
0.0 0
-1.0 0
0.0 0
0.0 0
-1.0 0
0.0 0
0.0 0
-1.0 0
0.0 0
-1.0 0
0.0 0
0.0 0
0.0 0
0.0 0
0.0 0
0.0 0
0.0 0
0.0 0
0.0 0
-1.0 0
0.0 0
0.0 0
0.0 0
-1.0 0
0.0 0
0.0 0
0.0 0
-1.0 0
0.0 0
0.0 0
0.0 0
-1.0 0
0.0 0
0.0 0
0.0 0
0.0 0
0.0 0
-1.0 0
0.0 0
-1.0 0
0.0 0
0.0 0
0.0 0
0.0 0
0.0 0
0.0 0
0.0 0
-1.0 0
0.0 0
-1.0 0
0.0 0
-1.0 0
0.0 0
0.0 0
0.0 0
0.0 0
0.0 0
-1.0 0
0.0 0
-1.0 0
877.1801057772158 2
975.7556730857953 2
1085.2840812064392 1
975.7556730857953 0
877.1801057772158 0
0.0 0
708.6158856795448 1
0.0 0
877.1801057772158 1
788.4620951994942 0
708.6158856795448 0
636.7542971115904 0
572.0788674004314 0
513.8709806603882 0
461.48388259434944 0
0.0 0
371.90194490142306 1
333.7117504112808 0
299.3405753701527 0
0.0 0
60.76720140641207 2
68.6302237849023 2
77.3669153165581 3
68.6302237849023 0
60.76720140641207 0
53.69048126577086 0
47.32143313919378 0
41.5892898252744 0
36.43036084274696 0
31.78732475847226 0
27.608592282625033 0
0.0 0
14.674997396630287 1
12.20749765696726 0
9.986747891270534 0
0.0 0
-1.0 0
-1.0 1
-1.0 1
-1.0 1
-1.0 3
-1.0 1
-1.0 1
0.0 0
-1.0 0
-1.0 1
-1.0 3
-1.0 1
-1.0 2
0.0 0
-1.0 0
0.0 0
-1.0 0
0.0 0
-1.0 0
0.0 0
-1.0 0
0.0 0
-1.0 0
-1.0 1
-1.0 1
-1.0 1
-1.9 0
-1.0 1
-1.0 1
-1.0 1
-1.0 2
0.0 0
-1.0 0
-1.0 1
-1.0 2
0.0 0
-1.0 0
-1.0 1
-1.0 1
0.0 0
-1.0 0
-1.0 1
-1.9 0
-1.0 1
-1.0 1
0.0 0
-1.0 0
-1.0 1
-1.0 1
-1.0 1
-1.0 2
0.0 0
-1.0 0
-1.0 1
-1.0 2
0.0 0
-1.0 0
-1.0 1
-1.0 1
0.0 0
-1.0 0
0.0 0
-1.0 0
0.0 0
0.0 0
0.0 0
0.0 0
0.0 0
0.0 0
0.0 0
0.0 0
788.4620951994942 1
0.0 0
636.7542971115904 1
0.0 0
0.0 0
0.0 0
414.33549433491453 1
0.0 0
333.7117504112808 1
0.0 0
0.0 0
0.0 0
0.0 0
0.0 0
87.07435035173123 3
0.0 0
0.0 0
60.76720140641207 3
0.0 0
0.0 0
0.0 0
0.0 0
31.78732475847226 3
0.0 0
12.20749765696726 1
0.0 0
0.0 0
0.0 0
0.0 0
0.0 0
0.0 0
0.0 0
0.0 0
0.0 0
-1.0 0
0.0 0
-1.0 0
0.0 0
0.0 0
0.0 0
0.0 0
0.0 0
-1.0 0
0.0 0
-1.0 0
0.0 0
-1.0 0
0.0 0
-1.0 0
0.0 0
-1.0 0
0.0 0
0.0 0
0.0 0
-1.0 0
0.0 0
-1.0 0
0.0 0
0.0 0
0.0 0
0.0 0
0.0 0
-1.0 0
0.0 0
-1.0 0
0.0 0
0.0 0
0.0 0
0.0 0
0.0 0
-1.0 0
0.0 0
-1.0 0
0.0 0
0.0 0
0.0 0
-1.0 0
0.0 0
0.0 0
0.0 0
0.0 0
0.0 0
-1.0 0
0.0 0
-1.0 0
0.0 0
0.0 0
0.0 0
0.0 0
0.0 0
-1.0 0
299.3405753701527 2
333.7117504112808 2
371.90194490142306 2
414.33549433491453 2
461.48388259434944 2
513.8709806603882 2
572.0788674004314 2
636.7542971115904 2
708.6158856795448 1
0.0 0
572.0788674004314 1
0.0 0
299.3405753701527 2
333.7117504112808 2
371.90194490142306 1
0.0 0
299.3405753701527 1
0.0 0
97.86038927970137 2
109.84487697744596 2
123.1609744193844 3
0.0 0
97.86038927970137 3
87.07435035173123 0
77.3669153165581 0
68.6302237849023 0
60.76720140641207 0
0.0 0
47.32143313919378 3
41.5892898252744 0
36.43036084274696 0
0.0 0
9.986747891270534 1
7.988073102143481 0
6.189265791929134 0
4.57033921273622 0
3.1133052914625985 0
1.801974762316339 0
0.6217772860847051 0
0.0 0
-1.0 0
-1.0 1
-1.0 2
0.0 0
-1.0 0
0.0 0
-1.0 0
-1.0 1
-1.0 1
-1.0 1
-1.0 3
-1.0 1
-1.0 2
0.0 0
-1.0 0
-1.0 1
-1.0 3
-1.0 1
-1.0 2
0.0 0
-1.0 0
-1.0 1
-1.0 3
-1.0 1
-1.9 0
-1.0 1
-1.0 1
0.0 0
-1.0 0
-1.0 1
-1.9 0
-1.0 1
-1.0 2
0.0 0
-1.0 0
-1.0 1
-1.0 1
-1.0 1
-1.0 2
0.0 0
-1.0 0
0.0 0
-1.0 0
-1.0 1
-1.0 2
0.0 0
-1.0 0
-1.0 1
-1.0 1
0.0 0
-1.0 0
-1.0 1
-1.0 2
0.0 0
-1.0 0
-1.0 1
-1.0 1
-1.0 1
-1.0 2
0.0 0
299.3405753701527 1
0.0 0
0.0 0
414.33549433491453 1
0.0 0
513.8709806603882 1
0.0 0
0.0 0
0.0 0
0.0 0
0.0 0
0.0 0
0.0 0
333.7117504112808 1
0.0 0
268.40651783313746 1
0.0 0
0.0 0
0.0 0
137.95663824376044 3
0.0 0
109.84487697744596 3
0.0 0
0.0 0
0.0 0
0.0 0
0.0 0
53.69048126577086 3
0.0 0
0.0 0
0.0 0
0.0 0
0.0 0
0.0 0
0.0 0
0.0 0
0.0 0
-0.4404004425237654 1
0.0 0
-1.0 0
0.0 0
0.0 0
0.0 0
-1.0 0
0.0 0
0.0 0
0.0 0
0.0 0
-1.0 0
0.0 0
0.0 0
-1.0 0
0.0 0
-1.0 0
0.0 0
0.0 0
0.0 0
0.0 0
0.0 0
0.0 0
0.0 0
0.0 0
0.0 0
-1.0 0
0.0 0
0.0 0
0.0 0
0.0 0
0.0 0
-1.0 0
0.0 0
-1.0 0
0.0 0
-1.0 0
0.0 0
0.0 0
0.0 0
-1.0 0
0.0 0
-1.0 0
0.0 0
0.0 0
0.0 0
-1.0 0
0.0 0
-1.0 0
0.0 0
0.0 0
0.0 0
-1.0 0
0.0 0
0.0 0
0.0 0
0.0 0
0.0 0
-1.0 0
0.0 0
-1.0 0
240.5658660498237 2
268.40651783313746 1
240.5658660498237 0
0.0 0
371.90194490142306 1
414.33549433491453 2
461.48388259434944 1
414.33549433491453 0
371.90194490142306 0
333.7117504112808 0
299.3405753701527 0
268.40651783313746 0
240.5658660498237 0
0.0 0
299.3405753701527 1
268.40651783313746 0
240.5658660498237 0
215.50927944484135 0
192.95835150035722 0
172.6625163503215 0
154.39626471528936 0
137.95663824376044 0
123.1609744193844 0
109.84487697744596 0
97.86038927970137 0
87.07435035173123 0
77.3669153165581 0
68.6302237849023 0
60.76720140641207 0
0.0 0
-1.0 0
-1.0 1
-1.0 1
-1.0 1
-1.0 1
-1.0 1
-1.0 1
-1.0 1
-1.3963603982713888 1
-1.0 1
-1.0 2
0.0 0
-1.0 0
0.0 0
-1.0 0
-1.0 1
-1.0 1
-1.0 1
-1.0 1
-1.0 3
-1.0 1
-1.0 1
-1.0 3
-1.0 1
-1.0 2
0.0 0
-1.0 0
-1.0 1
-1.0 1
-1.0 1
-1.0 1
-1.0 1
-1.0 1
-1.0 1
-1.9 0
-1.0 1
-1.0 1
-1.0 1
-1.0 1
0.0 0
-1.0 0
0.0 0
-1.0 0
0.0 0
-1.0 0
-1.0 1
-1.0 1
0.0 0
-1.0 0
0.0 0
-1.0 0
-1.0 1
-1.0 1
-1.0 1
-1.0 2
0.0 0
-1.0 0
-1.0 1
-1.0 1
-1.0 1
-1.0 2
0.0 0
-1.0 0
0.0 0
-1.0 0
-1.0 1
-1.0 2
0.0 0
-1.0 0
215.50927944484135 1
0.0 0
215.50927944484135 1
0.0 0
0.0 0
0.0 0
0.0 0
0.0 0
333.7117504112808 1
0.0 0
268.40651783313746 1
0.0 0
215.50927944484135 1
0.0 0
268.40651783313746 1
0.0 0
0.0 0
0.0 0
0.0 0
0.0 0
137.95663824376044 1
0.0 0
109.84487697744596 1
0.0 0
0.0 0
0.0 0
68.6302237849023 1
0.0 0
53.69048126577086 1
0.0 0
0.0 0
0.0 0
0.0 0
0.0 0
0.0 0
-1.0 0
0.0 0
0.0 0
-1.0 0
0.0 0
-1.0 0
0.0 0
-1.0 0
0.0 0
-1.0 0
0.0 0
0.0 0
0.0 0
0.0 0
0.0 0
0.0 0
0.0 0
0.0 0
0.0 0
-1.0 0
0.0 0
0.0 0
0.0 0
-1.0 0
0.0 0
-1.0 0
0.0 0
0.0 0
0.0 0
-1.0 0
0.0 0
0.0 0
0.0 0
-1.0 0
0.0 0
-1.0 0
0.0 0
0.0 0
0.0 0
0.0 0
0.0 0
-1.0 0
0.0 0
-1.0 0
0.0 0
0.0 0
0.0 0
0.0 0
0.0 0
-1.0 0
0.0 0
-1.0 0
0.0 0
0.0 0
0.0 0
-1.0 0
0.0 0
-1.0 0
0.0 0
-1.0 0
0.0 0
0.0 0
0.0 0
-1.0 0
192.95835150035722 1
0.0 0
192.95835150035722 1
0.0 0
97.86038927970137 3
0.0 0
77.3669153165581 3
0.0 0
299.3405753701527 1
0.0 0
240.5658660498237 1
0.0 0
192.95835150035722 1
215.50927944484135 2
240.5658660498237 1
0.0 0
47.32143313919378 3
0.0 0
36.43036084274696 3
0.0 0
123.1609744193844 1
0.0 0
97.86038927970137 1
0.0 0
27.608592282625033 3
0.0 0
60.76720140641207 1
0.0 0
47.32143313919378 1
41.5892898252744 0
36.43036084274696 0
0.0 0
-1.0 0
-1.0 1
-1.0 1
-1.0 3
-1.0 1
-1.0 1
-1.0 3
-1.0 1
-1.0 2
0.0 0
-1.0 0
-1.0 1
-1.0 3
-1.0 1
-1.0 1
0.0 0
-1.0 0
-1.0 1
-1.0 1
-1.0 1
-1.0 1
0.0 0
-1.0 0
-1.0 1
-1.0 1
-1.0 1
-1.0 2
0.0 0
-1.0 0
0.0 0
-1.0 0
0.0 0
-1.0 0
0.0 0
-1.0 0
-1.0 1
-1.0 2
0.0 0
-1.0 0
0.0 0
-1.0 0
-1.0 1
-1.0 1
0.0 0
-1.0 0
-1.0 1
-1.0 3
-1.0 1
-1.0 1
0.0 0
-1.0 0
0.0 0
-1.0 0
-1.0 1
-1.9 0
-1.0 1
-1.0 1
-1.0 1
-1.0 3
-1.0 1
-1.9 0
-1.0 1
-1.0 3
-1.0 1
-1.0 1
0.0 0
-1.0 0
172.6625163503215 1
0.0 0
172.6625163503215 1
0.0 0
109.84487697744596 3
0.0 0
87.07435035173123 3
0.0 0
0.0 0
0.0 0
215.50927944484135 1
0.0 0
0.0 0
0.0 0
0.0 0
0.0 0
53.69048126577086 3
0.0 0
41.5892898252744 3
0.0 0
109.84487697744596 1
0.0 0
0.0 0
0.0 0
31.78732475847226 3
0.0 0
53.69048126577086 1
0.0 0
41.5892898252744 1
0.0 0
0.0 0
0.0 0
0.0 0
0.0 0
0.0 0
0.0 0
-1.0 0
0.0 0
0.0 0
0.0 0
-1.0 0
0.0 0
-1.0 0
0.0 0
0.0 0
0.0 0
-1.0 0
0.0 0
0.0 0
0.0 0
-1.0 0
0.0 0
0.0 0
0.0 0
-1.0 0
0.0 0
0.0 0
0.0 0
-1.0 0
0.0 0
0.0 0
0.0 0
-1.0 0
0.0 0
-1.0 0
0.0 0
0.0 0
0.0 0
-1.0 0
0.0 0
-1.0 0
0.0 0
0.0 0
0.0 0
-1.0 0
0.0 0
-1.0 0
0.0 0
0.0 0
0.0 0
0.0 0
0.0 0
-1.0 0
0.0 0
0.0 0
0.0 0
-1.0 0
0.0 0
0.0 0
0.0 0
0.0 0
0.0 0
-1.0 0
0.0 0
0.0 0
0.0 0
0.0 0
0.0 0
-1.0 0
154.39626471528936 1
137.95663824376044 0
154.39626471528936 1
137.95663824376044 0
123.1609744193844 0
109.84487697744596 0
97.86038927970137 0
87.07435035173123 0
77.3669153165581 0
0.0 0
192.95835150035722 1
172.6625163503215 0
154.39626471528936 0
0.0 0
47.32143313919378 2
53.69048126577086 2
60.76720140641207 3
53.69048126577086 0
47.32143313919378 0
0.0 0
97.86038927970137 1
0.0 0
27.608592282625033 2
31.78732475847226 2
36.43036084274696 2
41.5892898252744 2
47.32143313919378 1
0.0 0
36.43036084274696 1
0.0 0
14.674997396630287 3
12.20749765696726 0
9.986747891270534 0
7.988073102143481 0
6.189265791929134 0
0.0 0
-1.0 0
0.0 0
-1.0 0
0.0 0
-1.0 0
-1.0 1
-1.9 0
-1.0 1
-1.0 1
0.0 0
-1.0 0
0.0 0
-1.0 0
-1.0 1
-1.0 2
0.0 0
-1.0 0
-1.0 1
-1.9 0
-1.0 1
-1.0 1
0.0 0
-1.0 0
0.0 0
-1.0 0
0.0 0
-1.0 0
-1.0 1
-1.9 0
-1.0 1
-1.0 1
-1.0 1
-1.0 3
-1.0 1
-1.0 2
0.0 0
-1.0 0
0.0 0
-1.0 0
0.0 0
-1.0 0
-1.0 1
-1.0 1
0.0 0
-1.0 0
0.0 0
-1.0 0
0.0 0
-1.0 0
0.0 0
-1.0 0
0.0 0
-1.0 0
-1.0 1
-1.0 1
-1.0 1
-1.9 0
-1.0 1
-1.0 1
-1.0 1
-1.0 1
-1.0 1
-1.0 2
137.95663824376044 1
0.0 0
137.95663824376044 1
0.0 0
109.84487697744596 1
0.0 0
0.0 0
0.0 0
68.6302237849023 1
0.0 0
0.0 0
0.0 0
137.95663824376044 1
0.0 0
0.0 0
0.0 0
68.6302237849023 3
0.0 0
0.0 0
0.0 0
0.0 0
0.0 0
0.0 0
0.0 0
0.0 0
0.0 0
41.5892898252744 1
0.0 0
31.78732475847226 1
0.0 0
17.41666377403365 3
0.0 0
12.20749765696726 3
0.0 0
0.0 0
0.0 0
0.0 0
0.0 0
-1.0 0
0.0 0
0.0 0
0.0 0
-1.0 0
0.0 0
-1.0 0
0.0 0
-1.0 0
0.0 0
0.0 0
0.0 0
-1.0 0
0.0 0
0.0 0
0.0 0
-1.0 0
0.0 0
0.0 0
0.0 0
-1.0 0
0.0 0
-1.0 0
0.0 0
0.0 0
0.0 0
-1.0 0
0.0 0
-1.0 0
0.0 0
0.0 0
0.0 0
-1.0 0
0.0 0
-1.0 0
0.0 0
-1.0 0
0.0 0
-1.0 0
0.0 0
0.0 0
0.0 0
-1.0 0
-1.0 1
-1.0 2
0.0 0
-1.0 0
0.0 0
0.0 0
0.0 0
-1.0 0
0.0 0
0.0 0
0.0 0
-1.0 0
0.0 0
-1.0 0
0.0 0
0.0 0
-1.0 0
0.0 0
123.1609744193844 1
0.0 0
123.1609744193844 1
109.84487697744596 0
97.86038927970137 0
87.07435035173123 0
77.3669153165581 0
0.0 0
77.3669153165581 2
87.07435035173123 2
97.86038927970137 2
109.84487697744596 2
123.1609744193844 1
109.84487697744596 0
97.86038927970137 0
87.07435035173123 0
77.3669153165581 0
68.6302237849023 0
60.76720140641207 0
0.0 0
6.189265791929134 2
7.988073102143481 2
9.986747891270534 2
12.20749765696726 2
14.674997396630287 3
0.0 0
36.43036084274696 1
0.0 0
27.608592282625033 1
23.84773305436253 0
20.462959748926277 0
17.41666377403365 0
14.674997396630287 0
12.20749765696726 0
9.986747891270534 0
0.0 0
-1.0 0
-1.0 1
-1.0 3
-1.0 1
-1.0 1
-1.0 1
-1.0 2
0.0 0
-1.0 0
-1.0 1
-1.0 2
0.0 0
-1.0 0
0.0 0
-1.0 0
-1.0 1
-1.0 1
0.0 0
-1.0 0
0.0 0
-1.0 0
-1.0 1
-1.0 2
0.0 0
-1.0 0
-1.0 1
-1.0 1
0.0 0
-1.0 0
0.0 0
-1.0 0
-1.0 1
-1.0 1
0.0 0
-1.0 0
-1.0 1
-1.9 0
-1.0 1
-1.0 2
0.0 0
-1.0 0
-1.0 1
-1.0 1
-1.0 1
-1.0 2
0.0 0
-1.0 0
-1.0 1
-1.0 2
0.0 0
-1.0 0
0.0 0
-1.0 0
0.0 0
-1.0 0
0.0 0
-1.0 0
0.0 0
-1.0 0
0.0 0
-1.0 0
0.0 0
-1.0 0
0.0 0
0.0 0
0.0 0
0.0 0
87.07435035173123 1
0.0 0
68.6302237849023 1
0.0 0
68.6302237849023 1
0.0 0
87.07435035173123 1
0.0 0
0.0 0
0.0 0
0.0 0
0.0 0
68.6302237849023 1
0.0 0
53.69048126577086 1
0.0 0
0.0 0
0.0 0
0.0 0
0.0 0
17.41666377403365 3
0.0 0
31.78732475847226 1
0.0 0
23.84773305436253 1
0.0 0
0.0 0
0.0 0
0.0 0
0.0 0
0.0 0
0.0 0
-1.0 0
0.0 0
0.0 0
0.0 0
0.0 0
0.0 0
-1.0 0
0.0 0
0.0 0
0.0 0
-1.0 0
0.0 0
-1.0 0
0.0 0
-1.0 0
0.0 0
-1.0 0
0.0 0
-1.0 0
0.0 0
0.0 0
0.0 0
-1.0 0
0.0 0
0.0 0
0.0 0
-1.0 0
-1.0 1
0.0 0
0.0 0
-1.0 0
0.0 0
0.0 0
-1.0 0
0.0 0
0.0 0
-1.0 0
0.0 0
-1.0 0
0.0 0
-1.0 0
0.0 0
-1.0 0
0.0 0
-1.0 0
0.0 0
0.0 0
0.0 0
-1.0 0
0.0 0
-1.0 0
0.0 0
-1.0 0
0.0 0
-1.0 0
0.0 0
-1.0 0
0.0 0
0.0 0
-1.0 0
-1.0 2
0.0 0
-1.0 0
-1.0 0
0.0 0
0.6217772860847051 3
0.0 0
77.3669153165581 1
0.0 0
60.76720140641207 1
53.69048126577086 0
60.76720140641207 1
0.0 0
77.3669153165581 1
0.0 0
20.462959748926277 3
0.0 0
47.32143313919378 2
53.69048126577086 2
60.76720140641207 1
0.0 0
47.32143313919378 1
0.0 0
9.986747891270534 2
12.20749765696726 2
14.674997396630287 2
17.41666377403365 2
20.462959748926277 2
23.84773305436253 2
27.608592282625033 1
23.84773305436253 0
20.462959748926277 0
17.41666377403365 0
14.674997396630287 0
0.0 0
-1.0 0
0.0 0
-1.0 0
-1.0 1
-1.0 2
0.0 0
-1.0 0
0.0 0
-1.0 0
-1.0 1
-1.0 2
0.0 0
-1.0 0
-1.0 1
-1.0 2
0.0 0
-1.0 0
0.0 0
-1.0 0
-1.0 1
-1.0 3
-1.0 1
-1.9 0
-1.0 1
-1.0 1
-1.0 1
-1.0 3
-1.0 1
-1.0 1
0.0 0
-1.0 0
0.0 0
-1.0 0
-1.0 1
-1.9 0
-1.0 1
-1.0 1
-1.0 3
-1.0 1
-1.0 1
-1.0 2
0.0 0
-1.0 0
-1.0 1
-1.0 2
0.0 0
-1.0 0
0.0 0
-1.0 0
-1.0 1
-1.0 1
0.0 0
-1.0 0
-1.0 1
-1.9 0
-1.0 1
-1.9 0
-1.0 1
-1.0 3
-1.0 1
-1.0 2
0.0 0
-1.0 0
0.0 0
-1.0 0
-1.0 1
-1.0 2
-0.4404004425237654 3
0.0 0
1.801974762316339 3
0.0 0
0.0 0
0.0 0
0.0 0
0.0 0
0.0 0
0.0 0
0.0 0
0.0 0
23.84773305436253 3
0.0 0
0.0 0
0.0 0
53.69048126577086 1
0.0 0
41.5892898252744 1
36.43036084274696 0
0.0 0
0.0 0
0.0 0
0.0 0
17.41666377403365 1
0.0 0
23.84773305436253 1
0.0 0
17.41666377403365 1
0.0 0
0.0 0
0.0 0
-0.4404004425237654 3
0.0 0
0.0 0
0.0 0
0.0 0
0.0 0
-1.0 0
0.0 0
-1.0 0
0.0 0
0.0 0
0.0 0
0.0 0
0.0 0
-1.0 0
0.0 0
-1.0 0
0.0 0
0.0 0
0.0 0
0.0 0
0.0 0
-1.0 0
0.0 0
0.0 0
0.0 0
0.0 0
0.0 0
-1.0 0
0.0 0
-1.0 0
0.0 0
-1.0 0
0.0 0
-1.0 0
0.0 0
0.0 0
0.0 0
0.0 0
0.0 0
0.0 0
0.0 0
0.0 0
0.0 0
-1.0 0
0.0 0
0.0 0
0.0 0
-1.0 0
0.0 0
0.0 0
0.0 0
-1.0 0
0.0 0
-1.0 0
0.0 0
-1.0 0
0.0 0
0.0 0
0.0 0
-1.0 0
0.0 0
-1.0 0
0.0 0
0.0 0
0.0 0
-1.0 0
0.6217772860847051 2
1.801974762316339 2
3.1133052914625985 2
4.57033921273622 2
6.189265791929134 2
7.988073102143481 2
9.986747891270534 2
12.20749765696726 2
14.674997396630287 2
17.41666377403365 2
20.462959748926277 2
23.84773305436253 2
27.608592282625033 2
31.78732475847226 2
36.43036084274696 2
41.5892898252744 2
47.32143313919378 1
0.0 0
36.43036084274696 1
0.0 0
6.189265791929134 2
7.988073102143481 2
9.986747891270534 2
12.20749765696726 2
14.674997396630287 1
17.41666377403365 2
20.462959748926277 1
17.41666377403365 0
14.674997396630287 0
0.0 0
3.1133052914625985 3
0.0 0
0.6217772860847051 3
-0.4404004425237654 0
-1.0 1
0.0 0
-1.0 0
-1.0 1
-1.0 3
-1.0 1
-1.0 2
0.0 0
-1.0 0
-1.0 1
-1.0 1
0.0 0
-1.0 0
-1.0 1
-1.0 2
0.0 0
-1.0 0
0.0 0
-1.0 0
-1.0 1
-1.0 3
-1.0 1
-1.0 1
0.0 0
-1.0 0
-1.0 1
-1.9 0
-1.0 1
-1.0 3
-1.0 1
-1.9 0
-1.0 1
-1.0 3
-1.0 1
-1.0 1
-1.0 1
-1.0 1
0.0 0
-1.0 0
-1.0 1
-1.0 1
-1.0 1
-1.0 2
0.0 0
-1.0 0
0.0 0
-1.0 0
-1.0 1
-1.0 1
0.0 0
-1.0 0
0.0 0
-1.0 0
0.0 0
-1.0 0
0.0 0
-1.0 0
-1.0 1
-1.9 0
-1.0 1
-1.9 0
-1.0 1
-1.0 1
-1.0 1
-1.0 2
0.0 0
0.0 0
1.801974762316339 1
0.0 0
0.0 0
0.0 0
0.0 0
0.0 0
12.20749765696726 1
0.0 0
0.0 0
0.0 0
23.84773305436253 1
0.0 0
0.0 0
0.0 0
41.5892898252744 1
0.0 0
31.78732475847226 1
0.0 0
0.0 0
0.0 0
0.0 0
0.0 0
0.0 0
0.0 0
17.41666377403365 1
0.0 0
12.20749765696726 1
0.0 0
4.57033921273622 3
0.0 0
1.801974762316339 3
0.0 0
0.0 0
0.0 0
0.0 0
0.0 0
0.0 0
0.0 0
-1.0 0
0.0 0
-1.0 0
0.0 0
0.0 0
0.0 0
0.0 0
0.0 0
-1.0 0
0.0 0
-1.0 0
0.0 0
0.0 0
0.0 0
0.0 0
-1.0 0
0.0 0
0.0 0
0.0 0
0.0 0
-1.0 0
0.0 0
0.0 0
0.0 0
-1.0 0
0.0 0
0.0 0
0.0 0
0.0 0
0.0 0
-1.0 0
0.0 0
0.0 0
0.0 0
-1.0 0
0.0 0
0.0 0
0.0 0
-1.0 0
0.0 0
0.0 0
0.0 0
-1.0 0
0.0 0
0.0 0
0.0 0
-1.0 0
0.0 0
0.0 0
0.0 0
0.0 0
0.0 0
-1.0 0
0.0 0
-1.0 0
0.0 0
-1.0 0
0.0 0
0.0 0
-1.0 0
-0.4404004425237654 2
0.6217772860847051 1
-0.4404004425237654 0
-1.0 1
0.0 0
6.189265791929134 2
7.988073102143481 2
9.986747891270534 1
12.20749765696726 2
14.674997396630287 2
17.41666377403365 2
20.462959748926277 1
0.0 0
27.608592282625033 2
31.78732475847226 2
36.43036084274696 1
31.78732475847226 0
27.608592282625033 0
23.84773305436253 0
20.462959748926277 0
17.41666377403365 0
14.674997396630287 0
12.20749765696726 0
9.986747891270534 0
12.20749765696726 2
14.674997396630287 1
12.20749765696726 0
9.986747891270534 0
7.988073102143481 0
6.189265791929134 0
4.57033921273622 0
3.1133052914625985 0
1.801974762316339 0
0.6217772860847051 0
-0.4404004425237654 0
-1.0 1
0.0 0
-1.0 0
0.0 0
-1.0 0
-1.0 1
-1.0 2
0.0 0
-1.0 0
0.0 0
-1.0 0
0.0 0
-1.0 0
-1.0 1
-1.0 3
-1.0 1
-1.0 1
-1.0 1
-1.0 1
0.0 0
-1.0 0
-1.0 1
-1.0 1
-1.0 1
-1.0 2
0.0 0
-1.0 0
-1.0 1
-1.9 0
-1.0 1
-1.0 1
0.0 0
-1.0 0
-1.0 1
-1.0 3
-1.0 1
-1.0 1
0.0 0
-1.0 0
-1.0 1
-1.0 1
0.0 0
-1.0 0
-1.0 1
-1.0 1
0.0 0
-1.0 0
-1.0 1
-1.0 1
0.0 0
-1.0 0
-1.0 1
-1.0 1
-1.0 1
-1.0 1
0.0 0
-1.0 0
0.0 0
-1.0 0
-1.0 1
-1.9 0
-1.0 1
-1.0 1
0.0 0
0.0 0
0.0 0
0.0 0
0.0 0
0.0 0
4.57033921273622 1
0.0 0
7.988073102143481 1
0.0 0
0.0 0
0.0 0
0.0 0
0.0 0
23.84773305436253 1
0.0 0
31.78732475847226 1
0.0 0
23.84773305436253 1
0.0 0
0.0 0
0.0 0
0.0 0
0.0 0
7.988073102143481 1
0.0 0
0.0 0
9.986747891270534 1
0.0 0
0.0 0
0.0 0
0.0 0
1.801974762316339 1
0.0 0
-0.4404004425237654 1
0.0 0
0.0 0
0.0 0
-1.0 0
0.0 0
-1.0 0
0.0 0
-1.0 0
0.0 0
-1.0 0
0.0 0
-1.0 0
0.0 0
-1.0 0
0.0 0
0.0 0
0.0 0
-1.0 0
0.0 0
0.0 0
0.0 0
0.0 0
0.0 0
0.0 0
0.0 0
0.0 0
0.0 0
0.0 0
0.0 0
-1.0 0
0.0 0
-1.0 0
0.0 0
-1.0 0
0.0 0
0.0 0
0.0 0
-1.0 0
0.0 0
-1.0 0
0.0 0
0.0 0
0.0 0
-1.0 0
0.0 0
0.0 0
-1.0 0
-1.0 2
0.0 0
0.0 0
0.0 0
0.0 0
0.0 0
-1.0 0
0.0 0
-1.0 0
0.0 0
-1.0 0
0.0 0
0.0 0
0.0 0
-1.0 0
0.0 0
-1.0 0
-1.0 0
0.0 0
-1.0 0
0.0 0
-1.0 0
0.0 0
3.1133052914625985 1
0.0 0
6.189265791929134 1
4.57033921273622 0
3.1133052914625985 0
0.0 0
-1.0 0
0.0 0
20.462959748926277 1
0.0 0
27.608592282625033 1
0.0 0
20.462959748926277 1
0.0 0
-1.0 0
-1.0 1
-1.0 1
0.0 0
6.189265791929134 1
0.0 0
-1.0 0
0.0 0
-1.0 0
0.0 0
-1.0 0
-0.4404004425237654 2
0.6217772860847051 1
-0.4404004425237654 0
-1.3963603982713888 0
-1.0 1
-1.0 1
-1.0 1
-1.9 0
-1.0 1
-1.0 3
-1.0 1
-1.9 0
-1.0 1
-1.9 0
-1.0 1
-1.0 2
0.0 0
-1.0 0
-1.0 1
-1.0 1
0.0 0
-1.0 0
0.0 0
-1.0 0
-1.0 1
-1.0 1
0.0 0
-1.0 0
0.0 0
-1.0 0
-1.0 1
-1.0 1
0.0 0
-1.0 0
0.0 0
-1.0 0
0.0 0
-1.0 0
-1.0 1
-1.0 1
-1.0 1
-1.0 2
0.0 0
-1.0 0
-1.0 1
-1.0 1
-1.0 1
-1.9 0
-1.0 1
-1.0 1
0.0 0
-1.0 0
0.0 0
-1.0 0
-1.0 1
-1.0 1
0.0 0
-1.0 0
-1.0 1
-1.9 0
-1.0 1
-1.9 0
-1.0 1
-1.0 1
-1.0 1
-1.0 2
0.0 0
-1.0 0
-1.0 0
0.0 0
-1.0 0
0.0 0
-1.0 0
0.0 0
1.801974762316339 1
0.0 0
4.57033921273622 1
0.0 0
1.801974762316339 1
0.0 0
-1.0 0
0.0 0
0.0 0
0.0 0
0.0 0
0.0 0
17.41666377403365 1
0.0 0
0.0 0
0.0 0
-0.4404004425237654 3
0.0 0
0.0 0
0.0 0
-1.0 0
0.0 0
-1.0 0
0.0 0
0.0 0
0.0 0
-0.4404004425237654 1
0.0 0
-1.0 0
0.0 0
0.0 0
0.0 0
-1.0 0
0.0 0
0.0 0
0.0 0
-1.0 0
0.0 0
-1.0 0
0.0 0
-1.0 0
0.0 0
0.0 0
0.0 0
-1.0 0
0.0 0
-1.0 0
0.0 0
-1.0 0
0.0 0
0.0 0
0.0 0
-1.0 0
0.0 0
-1.0 0
0.0 0
-1.0 0
0.0 0
0.0 0
0.0 0
0.0 0
0.0 0
0.0 0
0.0 0
0.0 0
0.0 0
-1.0 0
0.0 0
-1.0 0
0.0 0
-1.0 0
0.0 0
-1.0 0
0.0 0
0.0 0
-1.0 0
-1.0 2
0.0 0
0.0 0
0.0 0
-1.0 0
0.0 0
0.0 0
0.0 0
-1.0 0
0.0 0
-1.0 0
0.0 0
-1.0 0
0.0 0
-1.0 0
0.0 0
-1.0 0
-1.0 0
0.0 0
-1.0 0
-1.0 1
-1.0 2
0.0 0
0.6217772860847051 1
0.0 0
3.1133052914625985 1
0.0 0
0.6217772860847051 1
0.0 0
-1.0 0
-1.0 1
-1.0 1
0.0 0
-1.0 0
0.0 0
14.674997396630287 1
0.0 0
3.1133052914625985 3
0.0 0
0.6217772860847051 3
-0.4404004425237654 0
-1.0 1
0.0 0
-1.0 0
-1.0 1
-1.9 0
-1.0 1
-1.0 1
0.0 0
-1.0 0
0.0 0
-1.0 0
-1.0 1
-1.0 1
0.0 0
-1.0 0
-1.0 1
-1.0 1
-1.0 1
-1.0 2
0.0 0
-1.0 0
0.0 0
-1.0 0
0.0 0
-1.0 0
0.0 0
-1.0 0
0.0 0
-1.0 0
0.0 0
-1.0 0
-1.0 1
-1.0 1
0.0 0
-1.0 0
-1.0 1
-1.0 2
0.0 0
-1.0 0
0.0 0
-1.0 0
0.0 0
-1.0 0
-1.0 1
-1.0 1
0.0 0
-1.0 0
-1.0 1
-1.0 3
-1.0 1
-1.0 2
0.0 0
-1.0 0
0.0 0
-1.0 0
-1.0 1
-1.0 1
0.0 0
-1.0 0
0.0 0
-1.0 0
0.0 0
-1.0 0
0.0 0
-1.0 0
0.0 0
-1.0 0
0.0 0
-1.0 0
0.0 0
-1.0 0
0.0 0
-1.0 0
0.0 0
-1.0 0
-1.0 0
0.0 0
-1.0 0
0.0 0
0.0 0
0.0 0
-0.4404004425237654 1
0.0 0
1.801974762316339 1
0.0 0
-0.4404004425237654 1
0.0 0
0.0 0
0.0 0
-1.0 0
0.0 0
-1.0 0
0.0 0
12.20749765696726 1
0.0 0
4.57033921273622 3
0.0 0
1.801974762316339 3
0.0 0
0.0 0
0.0 0
0.0 0
0.0 0
-1.0 0
0.0 0
-1.0 0
0.0 0
-1.0 0
0.0 0
-1.0 0
0.0 0
0.0 0
-1.0 0
0.0 0
0.0 0
0.0 0
0.0 0
-1.0 0
0.0 0
0.0 0
0.0 0
-1.0 0
0.0 0
-1.0 0
0.0 0
-1.0 0
0.0 0
-1.0 0
0.0 0
-1.0 0
0.0 0
-1.0 0
0.0 0
0.0 0
0.0 0
-1.0 0
0.0 0
0.0 0
0.0 0
-1.0 0
0.0 0
-1.0 0
0.0 0
0.0 0
0.0 0
0.0 0
0.0 0
0.0 0
0.0 0
-1.0 0
0.0 0
0.0 0
0.0 0
0.0 0
0.0 0
-1.0 0
0.0 0
-1.0 0
0.0 0
-1.0 0
0.0 0
-1.0 0
0.0 0
-1.0 0
0.0 0
0.0 0
0.0 0
0.0 0
0.0 0
-1.0 0
0.0 0
-1.0 0
0.0 0
-1.0 0
-1.0 0
0.0 0
-1.0 0
-1.0 1
-1.0 1
-1.0 1
-1.0 3
-0.4404004425237654 2
0.6217772860847051 1
-0.4404004425237654 0
-1.0 2
0.0 0
-1.0 0
0.0 0
-1.0 0
-1.0 1
-1.0 2
0.0 0
9.986747891270534 1
7.988073102143481 0
6.189265791929134 0
4.57033921273622 0
3.1133052914625985 0
1.801974762316339 0
0.6217772860847051 0
0.0 0
-1.0 0
-1.0 1
-1.0 2
0.0 0
-1.0 0
0.0 0
-1.0 0
0.0 0
-1.0 0
0.0 0
-1.0 0
-1.0 3
-1.0 1
0.0 0
-1.0 0
0.0 0
-1.0 0
0.0 0
-1.0 0
0.0 0
-1.0 0
0.0 0
-1.0 0
-1.0 1
-1.9 0
-1.0 1
-1.0 2
0.0 0
-1.0 0
-1.0 1
-1.9 0
-1.0 1
-1.0 1
-1.0 1
-1.9 0
-1.0 1
-1.0 1
0.0 0
-1.0 0
-1.0 1
-1.0 2
0.0 0
-1.0 0
0.0 0
-1.0 0
0.0 0
-1.0 0
0.0 0
-1.0 0
0.0 0
-1.0 0
0.0 0
-1.0 0
0.0 0
-1.0 0
-1.0 1
-1.0 3
-1.0 1
-1.0 3
-1.0 1
-1.0 3
-1.0 1
-1.9 0
-1.0 1
-1.0 1
-1.0 1
-1.0 1
0.0 0
-1.0 0
-1.0 1
-1.9 0
-1.0 1
-1.0 2
-1.0 0
0.0 0
0.0 0
0.0 0
-1.0 0
0.0 0
0.0 0
0.0 0
-0.4404004425237654 1
0.0 0
-1.0 0
0.0 0
-1.0 0
0.0 0
-0.4404004425237654 3
0.0 0
0.0 0
0.0 0
7.988073102143481 1
0.0 0
0.0 0
0.0 0
0.0 0
0.0 0
-0.4404004425237654 1
0.0 0
0.0 0
0.0 0
-1.0 0
0.0 0
-1.0 0
0.0 0
-1.0 0
0.0 0
0.0 0
0.0 0
0.0 0
0.0 0
-1.0 0
0.0 0
-1.0 0
0.0 0
0.0 0
0.0 0
-1.0 0
0.0 0
-1.0 0
0.0 0
0.0 0
0.0 0
-1.0 0
0.0 0
0.0 0
0.0 0
-1.0 0
0.0 0
-1.0 0
0.0 0
0.0 0
0.0 0
-1.0 0
0.0 0
0.0 0
0.0 0
0.0 0
0.0 0
-1.0 0
0.0 0
-1.0 0
0.0 0
-1.0 0
0.0 0
-1.0 0
0.0 0
0.0 0
0.0 0
-1.0 0
0.0 0
-1.0 0
0.0 0
-1.0 0
0.0 0
0.0 0
0.0 0
0.0 0
0.0 0
0.0 0
0.0 0
-1.0 0
0.0 0
0.0 0
0.0 0
0.0 0
0.0 0
-1.0 0
0.0 0
-1.0 0
0.0 0
0.0 0
-1.0 0
0.0 0
-1.0 0
-1.0 1
-1.0 3
-1.0 1
-1.0 1
0.0 0
-1.0 0
-1.0 1
-1.0 3
-1.0 1
-1.3963603982713888 2
-0.4404004425237654 2
0.6217772860847051 2
1.801974762316339 2
3.1133052914625985 2
4.57033921273622 2
6.189265791929134 1
4.57033921273622 0
3.1133052914625985 0
1.801974762316339 0
0.6217772860847051 0
-0.4404004425237654 0
-1.0 2
0.0 0
-1.0 0
0.0 0
-1.0 0
0.0 0
-1.0 0
-1.0 1
-1.0 2
0.0 0
-1.0 0
0.0 0
-1.0 0
0.0 0
-1.0 0
-1.0 1
-1.0 3
-1.0 1
-1.0 1
-1.0 1
-1.0 3
-1.0 1
-1.9 0
-1.0 1
-1.0 1
-1.0 1
-1.0 3
-1.0 1
-1.0 1
-1.0 1
-1.0 2
0.0 0
-1.0 0
-1.0 1
-1.0 1
-1.0 1
-1.0 2
0.0 0
-1.0 0
-1.0 1
-1.0 1
0.0 0
-1.0 0
0.0 0
-1.0 0
-1.0 1
-1.0 2
0.0 0
-1.0 0
-1.0 1
-1.0 1
0.0 0
-1.0 0
0.0 0
-1.0 0
0.0 0
-1.0 0
0.0 0
-1.0 0
0.0 0
-1.0 0
-1.0 1
-1.0 1
-1.0 1
-1.0 2
0.0 0
-1.0 0
-1.0 1
-1.0 1
-1.0 1
-1.0 2
0.0 0
-1.0 0
0.0 0
-1.0 0
-1.0 0
0.0 0
0.0 0
0.0 0
0.0 0
-1.0 0
0.0 0
0.0 0
0.0 0
0.0 0
0.0 0
0.0 0
-1.0 0
0.0 0
0.0 0
0.0 0
1.801974762316339 1
0.0 0
4.57033921273622 1
0.0 0
0.0 0
0.0 0
0.0 0
0.0 0
-1.0 0
0.0 0
-1.0 0
0.0 0
-1.0 0
0.0 0
0.0 0
0.0 0
-1.0 0
0.0 0
-1.0 0
0.0 0
-1.0 0
0.0 0
0.0 0
0.0 0
0.0 0
0.0 0
0.0 0
-1.0 0
0.0 0
0.0 0
-1.0 0
0.0 0
0.0 0
0.0 0
0.0 0
0.0 0
-1.0 0
0.0 0
-1.0 0
0.0 0
0.0 0
-1.0 0
0.0 0
0.0 0
-1.0 0
0.0 0
-1.0 0
0.0 0
0.0 0
0.0 0
-1.0 0
0.0 0
-1.0 0
0.0 0
-1.0 0
0.0 0
0.0 0
0.0 0
-1.0 0
0.0 0
-1.0 0
0.0 0
-1.0 0
0.0 0
0.0 0
0.0 0
-1.0 0
0.0 0
0.0 0
0.0 0
-1.0 0
0.0 0
-1.0 0
0.0 0
-1.0 0
0.0 0
0.0 0
0.0 0
-1.0 0
0.0 0
-1.0 0
0.0 0
-1.0 0
-1.0 0
0.0 0
-1.0 0
0.0 0
-1.0 0
0.0 0
-1.0 0
-1.0 1
-1.0 1
-1.0 1
-1.0 1
-1.0 1
-1.0 2
0.0 0
-1.0 0
-0.4404004425237654 2
0.6217772860847051 1
0.0 0
3.1133052914625985 1
0.0 0
-1.0 0
-1.0 1
-1.0 1
-1.0 1
-1.0 3
-1.0 1
-1.9 0
-1.0 1
-1.0 3
-1.0 1
-1.0 1
-1.0 1
-1.9 0
-1.0 1
-1.9 0
-1.0 1
-1.9 0
-1.0 1
-1.0 1
-1.0 1
-1.0 1
-1.0 1
-1.0 1
0.0 0
-1.0 0
-1.0 1
-1.9 0
-1.0 1
-1.0 1
0.0 0
-1.0 0
-1.0 1
-1.0 2
0.0 0
-1.0 0
-1.0 1
-1.0 1
0.0 0
-1.0 0
-1.0 1
-1.0 3
-1.0 1
-1.9 0
-1.0 1
-1.0 1
-1.0 1
-1.9 0
-1.0 1
-1.9 0
-1.0 1
-1.0 3
-1.0 1
-1.0 1
-1.0 1
-1.0 3
-1.0 1
-1.9 0
-1.0 1
-1.9 0
-1.0 1
-1.0 1
0.0 0
-1.0 0
-1.0 1
-1.0 1
-1.0 1
-1.0 3
-1.0 1
-1.0 2
0.0 0
-1.0 0
0.0 0
-1.0 0
-1.0 1
-1.9 0
-1.0 1
-1.9 0
-1.0 1
-1.0 2
-1.0 0
0.0 0
-1.0 0
-1.0 1
-1.0 2
0.0 0
-1.0 0
0.0 0
-1.0 0
0.0 0
0.0 0
0.0 0
0.0 0
0.0 0
0.0 0
0.0 0
0.0 0
0.0 0
0.0 0
0.0 0
0.0 0
0.0 0
-1.0 0
0.0 0
0.0 0
0.0 0
-1.0 0
0.0 0
0.0 0
0.0 0
0.0 0
0.0 0
-1.0 0
0.0 0
-1.0 0
0.0 0
-1.0 0
0.0 0
0.0 0
0.0 0
-1.0 0
0.0 0
-1.0 0
0.0 0
-1.0 0
0.0 0
-1.0 0
0.0 0
0.0 0
0.0 0
0.0 0
0.0 0
0.0 0
0.0 0
0.0 0
0.0 0
0.0 0
0.0 0
0.0 0
0.0 0
0.0 0
0.0 0
-1.0 0
0.0 0
0.0 0
0.0 0
-1.0 0
0.0 0
-1.0 0
0.0 0
0.0 0
0.0 0
-1.0 0
0.0 0
0.0 0
0.0 0
-1.0 0
0.0 0
-1.0 0
0.0 0
0.0 0
0.0 0
0.0 0
0.0 0
0.0 0
0.0 0
0.0 0
0.0 0
-1.0 0
0.0 0
0.0 0
0.0 0
-1.0 0
0.0 0
-1.0 0
0.0 0
-1.0 0
0.0 0
-1.0 0
-1.0 0
-1.0 1
-1.0 2
0.0 0
-1.0 0
-1.0 1
-1.9 0
-1.0 1
-1.0 3
-1.0 1
-1.0 1
0.0 0
-1.0 0
-1.0 1
-1.0 1
0.0 0
-1.0 0
0.0 0
-1.0 0
-1.0 1
-1.0 1
-1.0 1
-1.0 3
-1.0 1
-1.0 1
-1.0 1
-1.0 3
-1.0 1
-1.0 1
0.0 0
-1.0 0
0.0 0
-1.0 0
0.0 0
-1.0 0
0.0 0
-1.0 0
0.0 0
-1.0 0
-1.0 1
-1.0 2
0.0 0
-1.0 0
-1.0 1
-1.0 2
0.0 0
-1.0 0
-1.0 1
-1.0 1
-1.0 1
-1.0 1
0.0 0
-1.0 0
-1.0 1
-1.0 1
-1.0 1
-1.0 1
-1.0 1
-1.0 1
0.0 0
-1.0 0
-1.0 1
-1.0 2
0.0 0
-1.0 0
-1.0 1
-1.0 2
0.0 0
-1.0 0
-1.0 1
-1.0 1
0.0 0
-1.0 0
0.0 0
-1.0 0
0.0 0
-1.0 0
-1.0 1
-1.9 0
-1.0 1
-1.0 1
-1.0 1
-1.0 1
0.0 0
-1.0 0
-1.0 1
-1.0 1
-1.0 1
-1.0 2
0.0 0
-1.0 0
-1.0 1
-1.0 2
0.0 0
-1.0 0
0.0 0
-1.0 0
-1.0 1
-1.0 2
-1.0 0
0.0 0
0.0 0
0.0 0
0.0 0
0.0 0
-1.0 0
0.0 0
0.0 0
0.0 0
-1.0 0
0.0 0
-1.0 0
0.0 0
-1.0 0
0.0 0
-1.0 0
0.0 0
0.0 0
0.0 0
0.0 0
0.0 0
0.0 0
0.0 0
0.0 0
-1.0 0
0.0 0
0.0 0
0.0 0
0.0 0
-1.0 0
0.0 0
0.0 0
0.0 0
0.0 0
0.0 0
-1.0 0
-1.0 1
0.0 0
0.0 0
-1.0 0
0.0 0
0.0 0
0.0 0
0.0 0
0.0 0
0.0 0
0.0 0
0.0 0
0.0 0
-1.0 0
0.0 0
0.0 0
0.0 0
-1.0 0
0.0 0
-1.0 0
0.0 0
-1.0 0
0.0 0
0.0 0
0.0 0
0.0 0
0.0 0
-1.0 0
0.0 0
0.0 0
0.0 0
-1.0 0
0.0 0
-1.0 0
0.0 0
0.0 0
0.0 0
-1.0 0
0.0 0
0.0 0
0.0 0
-1.0 0
0.0 0
0.0 0
0.0 0
-1.0 0
0.0 0
0.0 0
0.0 0
0.0 0
0.0 0
-1.0 0
0.0 0
-1.0 0
0.0 0
0.0 0
0.0 0
-1.0 0
0.0 0
-1.0 0
0.0 0
0.0 0
-1.0 0
-1.0 1
-1.0 1
0.0 0
-1.0 0
0.0 0
-1.0 0
-1.0 1
-1.0 1
-1.0 1
-1.0 3
-1.0 1
-1.0 3
-1.0 1
-1.0 2
0.0 0
-1.0 0
0.0 0
-1.0 0
0.0 0
-1.0 0
0.0 0
-1.0 0
0.0 0
-1.0 0
0.0 0
-1.0 0
-1.0 1
-1.0 1
-1.0 1
-1.0 2
0.0 0
-1.0 0
-1.0 1
-1.0 1
-1.0 1
-1.0 2
0.0 0
-1.0 0
0.0 0
-1.0 0
-1.0 1
-1.0 1
-1.0 1
-1.0 1
-1.0 1
-1.0 1
-1.0 1
-1.0 1
0.0 0
-1.0 0
0.0 0
-1.0 0
-1.0 1
-1.0 2
0.0 0
-1.0 0
0.0 0
-1.0 0
-1.0 1
-1.0 1
0.0 0
-1.0 0
0.0 0
-1.0 0
0.0 0
-1.0 0
-1.0 1
-1.0 2
0.0 0
-1.0 0
0.0 0
-1.0 0
-1.0 1
-1.9 0
-1.0 1
-1.0 1
-1.0 1
-1.0 2
0.0 0
-1.0 0
-1.0 1
-1.0 2
0.0 0
-1.0 0
-1.0 1
-1.0 1
0.0 0
-1.0 0
-1.0 1
-1.9 0
-1.0 1
-1.0 1
-1.0 1
-1.0 2
0.0 0
-1.0 0
-1.0 1
-1.0 1
-1.0 0
0.0 0
0.0 0
0.0 0
-1.0 0
0.0 0
0.0 0
0.0 0
0.0 0
0.0 0
0.0 0
0.0 0
0.0 0
0.0 0
-1.0 0
0.0 0
-1.0 0
0.0 0
-1.0 0
0.0 0
-1.0 0
0.0 0
-1.0 0
0.0 0
-1.0 0
0.0 0
0.0 0
0.0 0
-1.0 0
0.0 0
-1.0 0
0.0 0
0.0 0
0.0 0
-1.0 0
0.0 0
0.0 0
0.0 0
-1.0 0
0.0 0
0.0 0
0.0 0
-1.0 0
0.0 0
-1.0 0
0.0 0
-1.0 0
0.0 0
-1.0 0
0.0 0
-1.0 0
0.0 0
-1.0 0
0.0 0
0.0 0
-1.0 0
0.0 0
0.0 0
0.0 0
0.0 0
-1.0 0
0.0 0
-1.0 0
0.0 0
-1.0 0
0.0 0
0.0 0
0.0 0
-1.0 0
0.0 0
0.0 0
0.0 0
0.0 0
0.0 0
-1.0 0
0.0 0
-1.0 0
0.0 0
0.0 0
0.0 0
-1.0 0
0.0 0
-1.0 0
0.0 0
-1.0 0
0.0 0
0.0 0
0.0 0
0.0 0
0.0 0
-1.0 0
0.0 0
0.0 0
0.0 0
-1.0 0
0.0 0
-1.0 0
0.0 0
0.0 0
-1.0 0
0.0 0
-1.0 0
-1.0 1
-1.9 0
-1.0 1
-1.0 1
0.0 0
-1.0 0
0.0 0
-1.0 0
-1.0 1
-1.0 1
0.0 0
-1.0 0
0.0 0
-1.0 0
-1.0 1
-1.9 0
-1.0 1
-1.0 2
0.0 0
-1.0 0
-1.0 1
-1.0 2
0.0 0
-1.0 0
-1.0 1
-1.0 3
-1.0 1
-1.0 3
-1.0 1
-1.0 1
-1.0 1
-1.0 2
0.0 0
-1.0 0
-1.0 1
-1.9 0
-1.0 1
-1.0 1
0.0 0
-1.0 0
0.0 0
-1.0 0
0.0 0
-1.0 0
0.0 0
-1.0 0
-1.0 1
-1.9 0
-1.0 1
-1.9 0
-1.0 1
-1.0 1
-1.9 0
-1.0 1
-1.0 1
-1.0 1
0.0 0
-1.0 0
-1.0 1
-1.0 3
-1.0 1
-1.0 2
0.0 0
-1.0 0
-1.0 1
-1.0 2
0.0 0
-1.0 0
0.0 0
-1.0 0
-1.0 1
-1.0 3
-1.0 1
-1.0 3
-1.0 1
-1.0 1
0.0 0
-1.0 0
-1.0 1
-1.0 2
0.0 0
-1.0 0
0.0 0
-1.0 0
-1.0 1
-1.0 1
0.0 0
-1.0 0
0.0 0
-1.0 0
-1.0 1
-1.0 2
0.0 0
-1.0 0
-1.0 1
-1.0 1
-1.0 0
0.0 0
0.0 0
0.0 0
-1.0 0
0.0 0
-1.0 0
0.0 0
-1.0 0
0.0 0
-1.0 0
0.0 0
0.0 0
0.0 0
-1.0 0
0.0 0
-1.0 0
0.0 0
-1.0 0
0.0 0
0.0 0
0.0 0
0.0 0
0.0 0
-1.0 0
0.0 0
0.0 0
0.0 0
0.0 0
0.0 0
0.0 0
0.0 0
-1.0 0
0.0 0
-1.0 0
0.0 0
-1.0 0
0.0 0
-1.0 0
0.0 0
0.0 0
0.0 0
0.0 0
0.0 0
-1.0 0
0.0 0
0.0 0
0.0 0
-1.0 0
0.0 0
-1.0 0
0.0 0
-1.0 0
0.0 0
0.0 0
-1.0 0
0.0 0
0.0 0
0.0 0
0.0 0
0.0 0
0.0 0
0.0 0
0.0 0
-1.0 0
0.0 0
0.0 0
0.0 0
0.0 0
0.0 0
-1.0 0
0.0 0
-1.0 0
0.0 0
0.0 0
0.0 0
0.0 0
0.0 0
0.0 0
0.0 0
0.0 0
0.0 0
-1.0 0
-1.0 1
-1.0 2
0.0 0
-1.0 0
0.0 0
0.0 0
0.0 0
-1.0 0
0.0 0
0.0 0
0.0 0
-1.0 0
0.0 0
-1.0 0
0.0 0
0.0 0
-1.0 0
0.0 0
-1.0 0
0.0 0
-1.0 0
0.0 0
-1.0 0
-1.0 1
-1.0 3
-1.0 1
-1.9 0
-1.0 1
-1.0 1
-1.0 1
-1.0 2
0.0 0
-1.0 0
0.0 0
-1.0 0
-1.0 1
-1.0 1
-1.0 1
-1.0 1
-1.0 1
-1.0 2
0.0 0
-1.0 0
-1.0 1
-1.0 1
-1.0 1
-1.0 1
-1.0 1
-1.0 2
0.0 0
-1.0 0
0.0 0
-1.0 0
-1.0 1
-1.9 0
-1.0 1
-1.0 1
-1.0 1
-1.0 1
-1.0 1
-1.9 0
-1.0 1
-1.0 1
0.0 0
-1.0 0
0.0 0
-1.0 0
-1.0 1
-1.0 2
0.0 0
-1.0 0
0.0 0
-1.0 0
0.0 0
-1.0 0
-1.0 1
-1.0 1
-1.0 1
-1.0 1
0.0 0
-1.0 0
-1.0 1
-1.0 1
-1.0 1
-1.0 1
0.0 0
-1.0 0
-1.0 1
-1.0 2
0.0 0
-1.0 0
-1.0 1
-1.0 1
0.0 0
-1.0 0
-1.0 1
-1.0 1
-1.0 1
-1.0 2
0.0 0
-1.0 0
-1.0 1
-1.0 2
0.0 0
-1.0 0
-1.0 1
-1.0 2
0.0 0
-1.0 0
-1.0 1
-1.9 0
-1.0 1
-1.9 0
-1.0 1
-1.0 1
-1.0 0
0.0 0
-1.0 0
-1.0 1
-1.0 2
0.0 0
-1.0 0
0.0 0
0.0 0
0.0 0
-1.0 0
0.0 0
-1.0 0
0.0 0
0.0 0
0.0 0
0.0 0
0.0 0
-1.0 0
0.0 0
-1.0 0
0.0 0
0.0 0
0.0 0
-1.0 0
0.0 0
-1.0 0
0.0 0
0.0 0
0.0 0
0.0 0
0.0 0
0.0 0
0.0 0
0.0 0
0.0 0
0.0 0
0.0 0
-1.0 0
0.0 0
0.0 0
0.0 0
-1.0 0
0.0 0
-1.0 0
0.0 0
-1.0 0
0.0 0
0.0 0
0.0 0
-1.0 0
0.0 0
0.0 0
0.0 0
-1.0 0
0.0 0
-1.0 0
0.0 0
-1.0 0
0.0 0
-1.0 0
0.0 0
-1.0 0
0.0 0
0.0 0
0.0 0
-1.0 0
0.0 0
0.0 0
0.0 0
-1.0 0
0.0 0
-1.0 0
0.0 0
-1.0 0
0.0 0
0.0 0
0.0 0
-1.0 0
0.0 0
-1.0 0
0.0 0
-1.0 0
0.0 0
-1.0 0
0.0 0
0.0 0
0.0 0
0.0 0
0.0 0
-1.0 0
0.0 0
0.0 0
0.0 0
-1.0 0
0.0 0
-1.0 0
0.0 0
-1.0 0
-1.0 0
-1.0 1
-1.0 2
0.0 0
-1.0 0
-1.0 1
-1.0 2
0.0 0
-1.0 0
0.0 0
-1.0 0
0.0 0
-1.0 0
-1.0 1
-1.0 1
0.0 0
-1.0 0
-1.0 1
-1.9 0
-1.0 1
-1.0 2
0.0 0
-1.0 0
0.0 0
-1.0 0
-1.0 1
-1.0 2
0.0 0
-1.0 0
-1.0 1
-1.0 1
-1.0 1
-1.0 1
-1.0 1
-1.0 1
0.0 0
-1.0 0
0.0 0
-1.0 0
0.0 0
-1.0 0
-1.0 1
-1.0 3
-1.0 1
-1.0 2
0.0 0
-1.0 0
0.0 0
-1.0 0
-1.0 1
-1.0 2
0.0 0
-1.0 0
-1.0 1
-1.9 0
-1.0 1
-1.0 2
0.0 0
-1.0 0
0.0 0
-1.0 0
-1.0 1
-1.0 2
0.0 0
-1.0 0
-1.0 1
-1.9 0
-1.0 1
-1.0 1
-1.0 1
-1.0 2
0.0 0
-1.0 0
0.0 0
-1.0 0
-1.0 1
-1.0 1
-1.0 1
-1.9 0
-1.0 1
-1.0 2
0.0 0
-1.0 0
-1.0 1
-1.0 3
-1.0 1
-1.0 1
0.0 0
-1.0 0
-1.0 1
-1.0 2
0.0 0
-1.0 0
0.0 0
-1.0 0
0.0 0
-1.0 0
0.0 0
-1.0 0
-1.0 0
0.0 0
0.0 0
0.0 0
-1.0 0
0.0 0
-1.0 0
0.0 0
-1.0 0
0.0 0
0.0 0
0.0 0
-1.0 0
0.0 0
0.0 0
0.0 0
0.0 0
0.0 0
-1.0 0
0.0 0
-1.0 0
0.0 0
-1.0 0
0.0 0
0.0 0
0.0 0
-1.0 0
0.0 0
-1.0 0
0.0 0
0.0 0
0.0 0
0.0 0
0.0 0
-1.0 0
0.0 0
-1.0 0
0.0 0
0.0 0
0.0 0
0.0 0
-1.0 0
0.0 0
0.0 0
-1.0 0
0.0 0
0.0 0
0.0 0
-1.0 0
0.0 0
-1.0 0
-1.0 1
-1.0 2
0.0 0
-1.0 0
0.0 0
0.0 0
0.0 0
0.0 0
0.0 0
-1.0 0
0.0 0
-1.0 0
0.0 0
0.0 0
0.0 0
-1.0 0
0.0 0
0.0 0
0.0 0
-1.0 0
0.0 0
-1.0 0
0.0 0
0.0 0
0.0 0
-1.0 0
0.0 0
-1.0 0
0.0 0
0.0 0
0.0 0
0.0 0
-1.0 0
0.0 0
0.0 0
-1.0 0
0.0 0
-1.0 0
0.0 0
-1.0 0
0.0 0
-1.0 0
0.0 0
-1.0 0
0.0 0
-1.0 0
0.0 0
-1.0 0
-1.0 0
0.0 0
-1.0 0
0.0 0
-1.0 0
-1.0 1
-1.0 2
0.0 0
-1.0 0
-1.0 1
-1.0 1
0.0 0
-1.0 0
0.0 0
-1.0 0
-1.0 1
-1.0 1
0.0 0
-1.0 0
0.0 0
-1.0 0
-1.0 1
-1.0 3
-1.0 1
-1.0 1
0.0 0
-1.0 0
-1.0 1
-1.0 2
0.0 0
-1.0 0
-1.0 1
-1.0 1
-1.0 1
-1.9 0
-1.0 1
-1.9 0
-1.0 1
-1.0 1
-1.0 1
-1.0 1
0.0 0
-1.0 0
-1.0 1
-1.0 3
-1.0 1
-1.0 1
-1.0 1
-1.0 2
0.0 0
-1.0 0
0.0 0
-1.0 0
0.0 0
-1.0 0
-1.0 1
-1.0 1
0.0 0
-1.0 0
-1.0 1
-1.0 2
0.0 0
-1.0 0
-1.0 1
-1.0 1
-1.0 1
-1.0 3
-1.0 1
-1.0 1
-1.0 1
-1.9 0
-1.0 1
-1.0 3
-1.0 1
-1.0 1
-1.0 1
-1.9 0
-1.0 1
-1.0 3
-1.0 1
-1.0 1
0.0 0
-1.0 0
-1.0 3
-1.0 1
0.0 0
-1.0 0
0.0 0
-1.0 0
0.0 0
-1.0 0
-1.0 1
-1.9 0
-1.0 1
-1.0 2
0.0 0
-1.0 0
-1.0 1
-1.0 2
-1.0 0
0.0 0
-1.0 0
0.0 0
-1.0 0
0.0 0
-1.0 0
0.0 0
-1.0 0
0.0 0
-1.0 0
0.0 0
-1.0 0
0.0 0
-1.0 0
0.0 0
-1.0 0
0.0 0
0.0 0
0.0 0
0.0 0
0.0 0
0.0 0
0.0 0
-1.0 0
0.0 0
-1.0 0
0.0 0
0.0 0
-1.0 0
0.0 0
0.0 0
0.0 0
0.0 0
-1.0 0
0.0 0
-1.0 0
0.0 0
0.0 0
0.0 0
-1.0 0
0.0 0
0.0 0
0.0 0
0.0 0
0.0 0
0.0 0
0.0 0
-1.0 0
0.0 0
-1.0 0
0.0 0
-1.0 0
0.0 0
-1.0 0
0.0 0
0.0 0
0.0 0
-1.0 0
0.0 0
0.0 0
0.0 0
0.0 0
0.0 0
0.0 0
0.0 0
0.0 0
0.0 0
0.0 0
0.0 0
-1.0 0
0.0 0
0.0 0
0.0 0
-1.0 0
0.0 0
-1.0 0
0.0 0
0.0 0
0.0 0
-1.0 0
0.0 0
-1.0 0
0.0 0
-1.0 0
0.0 0
-1.0 0
0.0 0
-1.0 0
0.0 0
-1.0 0
0.0 0
-1.0 0
0.0 0
0.0 0
0.0 0
0.0 0
0.0 0
0.0 0
-1.0 0
-1.0 1
-1.9 0
-1.0 1
-1.0 2
0.0 0
-1.0 0
-1.0 1
-1.9 0
-1.0 1
-1.0 3
-1.0 1
-1.9 0
-1.0 1
-1.9 0
-1.0 1
-1.0 2
0.0 0
-1.0 0
0.0 0
-1.0 0
-1.0 1
-1.0 1
-1.0 1
-1.9 0
-1.0 1
-1.0 2
0.0 0
-1.0 0
-1.0 3
-1.0 1
0.0 0
-1.0 0
0.0 0
-1.0 0
0.0 0
-1.0 0
-1.0 1
-1.0 1
0.0 0
-1.0 0
-1.0 1
-1.0 1
-1.0 1
-1.0 1
-1.0 1
-1.0 1
0.0 0
-1.0 0
-1.0 1
-1.0 3
-1.0 1
-1.9 0
-1.0 1
-1.0 2
0.0 0
-1.0 0
0.0 0
-1.0 0
0.0 0
-1.0 0
-1.0 1
-1.0 1
0.0 0
-1.0 0
-1.0 1
-1.0 1
-1.0 1
-1.0 1
-1.0 1
-1.0 2
0.0 0
-1.0 0
0.0 0
-1.0 0
0.0 0
-1.0 0
0.0 0
-1.0 0
-1.0 1
-1.0 2
0.0 0
-1.0 0
-1.0 1
-1.9 0
-1.0 1
-1.0 3
-1.0 1
-1.0 3
-1.0 1
-1.9 0
-1.0 1
-1.0 3
-1.0 1
-1.0 1
0.0 0
-1.0 0
-1.0 1
-1.0 1
0.0 0
0.0 0
-1.0 0
0.0 0
0.0 0
0.0 0
-1.0 0
0.0 0
-1.0 0
0.0 0
0.0 0
0.0 0
-1.0 0
0.0 0
-1.0 0
0.0 0
0.0 0
0.0 0
-1.0 0
0.0 0
0.0 0
0.0 0
-1.0 0
0.0 0
-1.0 0
0.0 0
-1.0 0
0.0 0
0.0 0
0.0 0
-1.0 0
0.0 0
-1.0 0
0.0 0
-1.0 0
0.0 0
-1.0 0
0.0 0
0.0 0
0.0 0
0.0 0
0.0 0
0.0 0
0.0 0
-1.0 0
0.0 0
-1.0 0
0.0 0
-1.0 0
0.0 0
0.0 0
0.0 0
-1.0 0
0.0 0
-1.0 0
0.0 0
-1.0 0
0.0 0
-1.0 0
0.0 0
-1.0 0
0.0 0
0.0 0
0.0 0
0.0 0
0.0 0
0.0 0
0.0 0
0.0 0
0.0 0
-1.0 0
0.0 0
-1.0 0
0.0 0
0.0 0
0.0 0
-1.0 0
0.0 0
-1.0 0
0.0 0
-1.0 0
0.0 0
-1.0 0
0.0 0
-1.0 0
0.0 0
0.0 0
0.0 0
0.0 0
0.0 0
-1.0 0
0.0 0
0.0 0
0.0 0
0.0 0
0.0 0
0.0 0
0.0 0
-1.0 0
-1.0 0
-1.0 1
-1.0 2
0.0 0
-1.0 0
0.0 0
-1.0 0
0.0 0
-1.0 0
-1.0 1
-1.0 1
0.0 0
-1.0 0
0.0 0
-1.0 0
-1.0 1
-1.0 1
-1.0 1
-1.0 2
0.0 0
-1.0 0
0.0 0
-1.0 0
0.0 0
-1.0 0
0.0 0
-1.0 0
0.0 0
-1.0 0
0.0 0
-1.0 0
-1.0 1
-1.0 2
0.0 0
-1.0 0
-1.0 1
-1.0 2
0.0 0
-1.0 0
0.0 0
-1.0 0
-1.0 1
-1.0 1
-1.0 1
-1.9 0
-1.0 1
-1.0 2
0.0 0
-1.0 0
-1.0 1
-1.0 1
-1.0 1
-1.0 2
0.0 0
-1.0 0
0.0 0
-1.0 0
-1.0 1
-1.9 0
-1.0 1
-1.0 2
0.0 0
-1.0 0
-1.0 1
-1.0 1
0.0 0
-1.0 0
0.0 0
-1.0 0
0.0 0
-1.0 0
-1.0 1
-1.9 0
-1.0 1
-1.0 1
0.0 0
-1.0 0
0.0 0
-1.0 0
-1.0 1
-1.0 2
0.0 0
-1.0 0
-1.0 1
-1.0 2
0.0 0
-1.0 0
0.0 0
-1.0 0
-1.0 1
-1.0 2
0.0 0
-1.0 0
0.0 0
-1.0 0
0.0 0
-1.0 0
0.0 0
-1.0 0
0.0 0
0.0 0
-1.0 0
0.0 0
-1.0 0
0.0 0
0.0 0
0.0 0
0.0 0
0.0 0
0.0 0
0.0 0
0.0 0
0.0 0
0.0 0
0.0 0
-1.0 0
0.0 0
-1.0 0
0.0 0
-1.0 0
0.0 0
0.0 0
0.0 0
-1.0 0
-1.0 1
0.0 0
0.0 0
-1.0 0
0.0 0
-1.0 0
0.0 0
0.0 0
0.0 0
0.0 0
0.0 0
-1.0 0
0.0 0
-1.0 0
0.0 0
0.0 0
-1.0 0
0.0 0
0.0 0
-1.0 0
0.0 0
-1.0 0
0.0 0
0.0 0
0.0 0
0.0 0
0.0 0
0.0 0
0.0 0
-1.0 0
0.0 0
0.0 0
0.0 0
-1.0 0
0.0 0
0.0 0
0.0 0
0.0 0
0.0 0
-1.0 0
0.0 0
-1.0 0
0.0 0
-1.0 0
0.0 0
-1.0 0
0.0 0
-1.0 0
0.0 0
0.0 0
0.0 0
-1.0 0
0.0 0
0.0 0
0.0 0
-1.0 0
0.0 0
-1.0 0
0.0 0
0.0 0
0.0 0
-1.0 0
0.0 0
0.0 0
0.0 0
-1.0 0
0.0 0
-1.0 0
0.0 0
-1.0 0
0.0 0
-1.0 0
0.0 0
-1.0 0
-1.0 0
-1.0 1
-1.9 0
-1.0 1
-1.0 2
0.0 0
-1.0 0
0.0 0
-1.0 0
-1.0 1
-1.0 1
0.0 0
-1.0 0
-1.0 1
-1.0 1
0.0 0
-1.0 0
-1.0 1
-1.0 3
-1.0 1
-1.9 0
-1.0 1
-1.0 1
-1.0 1
-1.0 2
0.0 0
-1.0 0
-1.0 1
-1.0 3
-1.0 1
-1.0 2
0.0 0
-1.0 0
0.0 0
-1.0 0
-1.0 1
-1.9 0
-1.0 1
-1.0 2
0.0 0
-1.0 0
0.0 0
-1.0 0
0.0 0
-1.0 0
-1.0 1
-1.0 2
0.0 0
-1.0 0
-1.0 1
-1.0 1
-1.0 1
-1.0 1
-1.0 1
-1.9 0
-1.0 1
-1.0 1
-1.0 1
-1.9 0
-1.0 1
-1.0 1
0.0 0
-1.0 0
-1.0 1
-1.9 0
-1.0 1
-1.0 3
-1.0 1
-1.0 2
0.0 0
-1.0 0
0.0 0
-1.0 0
-1.0 1
-1.0 1
0.0 0
-1.0 0
0.0 0
-1.0 0
-1.0 1
-1.0 3
-1.0 1
-1.0 3
-1.0 1
-1.0 1
0.0 0
-1.0 0
-1.0 1
-1.0 1
-1.0 1
-1.9 0
-1.0 1
-1.0 3
-1.0 1
-1.9 0
-1.0 1
-1.0 3
-1.0 1
-1.0 2
0.0 0
0.0 0
-1.0 0
0.0 0
-1.0 0
0.0 0
-1.0 0
0.0 0
-1.0 0
0.0 0
0.0 0
0.0 0
0.0 0
0.0 0
-1.0 0
0.0 0
0.0 0
0.0 0
0.0 0
0.0 0
-1.0 0
0.0 0
0.0 0
0.0 0
-1.0 0
0.0 0
-1.0 0
0.0 0
0.0 0
0.0 0
-1.0 0
0.0 0
-1.0 0
0.0 0
-1.0 0
0.0 0
-1.0 0
0.0 0
0.0 0
0.0 0
-1.0 0
-1.0 1
-1.0 2
0.0 0
-1.0 0
0.0 0
0.0 0
0.0 0
-1.0 0
0.0 0
-1.0 0
0.0 0
0.0 0
0.0 0
-1.0 0
0.0 0
-1.0 0
0.0 0
-1.0 0
0.0 0
-1.0 0
0.0 0
0.0 0
0.0 0
-1.0 0
0.0 0
0.0 0
0.0 0
-1.0 0
0.0 0
-1.0 0
0.0 0
-1.0 0
0.0 0
0.0 0
0.0 0
-1.0 0
0.0 0
0.0 0
0.0 0
0.0 0
0.0 0
0.0 0
0.0 0
-1.0 0
0.0 0
0.0 0
0.0 0
0.0 0
0.0 0
-1.0 0
0.0 0
0.0 0
0.0 0
-1.0 0
0.0 0
0.0 0
0.0 0
-1.0 0
-1.0 0
-1.0 1
-1.9 0
-1.0 1
-1.0 2
0.0 0
-1.0 0
0.0 0
-1.0 0
0.0 0
-1.0 0
-1.0 1
-1.0 1
-1.0 1
-1.9 0
-1.0 1
-1.0 1
-1.0 1
-1.0 1
-1.0 1
-1.0 2
0.0 0
-1.0 0
-1.0 1
-1.9 0
-1.0 1
-1.0 2
0.0 0
-1.0 0
0.0 0
-1.0 0
-1.0 1
-1.0 2
0.0 0
-1.0 0
0.0 0
-1.0 0
-1.0 1
-1.0 1
-1.0 1
-1.0 2
0.0 0
-1.0 0
-1.0 1
-1.0 3
-1.0 1
-1.0 1
0.0 0
-1.0 0
0.0 0
-1.0 0
0.0 0
-1.0 0
-1.0 1
-1.0 2
0.0 0
-1.0 0
-1.0 1
-1.0 2
0.0 0
-1.0 0
-1.0 1
-1.0 1
0.0 0
-1.0 0
0.0 0
-1.0 0
-1.0 1
-1.0 3
-1.0 1
-1.9 0
-1.0 1
-1.0 3
-1.0 1
-1.0 1
-1.0 1
-1.9 0
-1.0 1
-1.0 1
-1.0 1
-1.0 1
-1.0 1
-1.0 1
-1.0 1
-1.0 2
0.0 0
-1.0 0
-1.0 1
-1.0 1
-1.0 1
-1.0 2
0.0 0
-1.0 0
-1.0 1
-1.0 3
-1.0 1
-1.0 1
0.0 0
-1.0 0
-1.0 0
0.0 0
-1.0 0
0.0 0
0.0 0
0.0 0
-1.0 0
0.0 0
-1.0 0
0.0 0
0.0 0
0.0 0
-1.0 0
0.0 0
-1.0 0
0.0 0
0.0 0
0.0 0
0.0 0
0.0 0
-1.0 0
0.0 0
0.0 0
0.0 0
-1.0 0
0.0 0
0.0 0
-1.0 0
-1.0 2
0.0 0
0.0 0
0.0 0
-1.0 0
0.0 0
0.0 0
0.0 0
0.0 0
-1.0 0
0.0 0
0.0 0
-1.0 0
0.0 0
-1.0 0
0.0 0
0.0 0
0.0 0
0.0 0
0.0 0
-1.0 0
0.0 0
0.0 0
0.0 0
0.0 0
0.0 0
0.0 0
0.0 0
0.0 0
0.0 0
-1.0 0
0.0 0
0.0 0
0.0 0
-1.0 0
0.0 0
-1.0 0
0.0 0
-1.0 0
0.0 0
0.0 0
0.0 0
-1.0 0
0.0 0
0.0 0
0.0 0
-1.0 0
0.0 0
-1.0 0
0.0 0
0.0 0
0.0 0
-1.0 0
0.0 0
-1.0 0
0.0 0
-1.0 0
0.0 0
0.0 0
0.0 0
0.0 0
0.0 0
-1.0 0
0.0 0
0.0 0
0.0 0
0.0 0
0.0 0
0.0 0
0.0 0
-1.0 0
-1.0 0
-1.0 1
-1.0 3
-1.0 1
-1.0 1
-1.0 1
-1.0 3
-1.0 1
-1.9 0
-1.0 1
-1.0 1
0.0 0
-1.0 0
0.0 0
-1.0 0
0.0 0
-1.0 0
0.0 0
-1.0 0
0.0 0
-1.0 0
-1.0 1
-1.0 1
0.0 0
-1.0 0
0.0 0
-1.0 0
0.0 0
-1.0 0
0.0 0
-1.0 0
-1.0 1
-1.0 3
-1.0 1
-1.0 1
-1.0 1
-1.0 1
0.0 0
-1.0 0
0.0 0
-1.0 0
0.0 0
-1.0 0
-1.0 1
-1.0 1
-1.0 1
-1.0 1
0.0 0
-1.0 0
-1.0 1
-1.0 1
-1.0 1
-1.0 1
0.0 0
-1.0 0
0.0 0
-1.0 0
-1.0 1
-1.0 3
-1.0 1
-1.0 1
0.0 0
-1.0 0
-1.0 1
-1.0 3
-1.0 1
-1.0 3
-1.0 1
-1.0 1
-1.0 1
-1.0 2
0.0 0
-1.0 0
-1.0 1
-1.0 2
0.0 0
-1.0 0
0.0 0
-1.0 0
0.0 0
-1.0 0
0.0 0
-1.0 0
0.0 0
-1.0 0
-1.0 1
-1.0 1
-1.0 1
-1.0 1
-1.0 1
-1.9 0
-1.0 1
-1.0 1
0.0 0
-1.0 0
0.0 0
-1.0 0
0.0 0
-1.0 0
-1.0 0
0.0 0
0.0 0
0.0 0
-1.0 0
0.0 0
0.0 0
0.0 0
-1.0 0
0.0 0
0.0 0
0.0 0
0.0 0
0.0 0
0.0 0
0.0 0
-1.0 0
0.0 0
-1.0 0
0.0 0
-1.0 0
0.0 0
0.0 0
0.0 0
-1.0 0
0.0 0
-1.0 0
0.0 0
-1.0 0
0.0 0
-1.0 0
0.0 0
0.0 0
0.0 0
-1.0 0
0.0 0
0.0 0
0.0 0
-1.0 0
0.0 0
-1.0 0
0.0 0
-1.0 0
0.0 0
-1.0 0
0.0 0
0.0 0
-1.0 0
0.0 0
0.0 0
-1.0 0
0.0 0
0.0 0
0.0 0
-1.0 0
0.0 0
0.0 0
0.0 0
0.0 0
0.0 0
-1.0 0
0.0 0
-1.0 0
0.0 0
0.0 0
0.0 0
0.0 0
-1.0 0
0.0 0
0.0 0
-1.0 0
0.0 0
-1.0 0
0.0 0
-1.0 0
-1.0 1
-1.0 2
0.0 0
-1.0 0
0.0 0
-1.0 0
0.0 0
-1.0 0
0.0 0
0.0 0
0.0 0
0.0 0
0.0 0
0.0 0
0.0 0
-1.0 0
0.0 0
0.0 0
0.0 0
-1.0 0
0.0 0
-1.0 0
0.0 0
-1.0 0
-1.0 0
0.0 0
-1.0 0
-1.0 1
-1.0 2
0.0 0
-1.0 0
-1.0 1
-1.0 3
-1.0 1
-1.0 1
-1.0 1
-1.0 1
-1.0 1
-1.0 1
0.0 0
-1.0 0
-1.0 1
-1.0 2
0.0 0
-1.0 0
0.0 0
-1.0 0
-1.0 1
-1.9 0
-1.0 1
-1.9 0
-1.0 1
-1.0 2
0.0 0
-1.0 0
0.0 0
-1.0 0
-1.0 1
-1.9 0
-1.0 1
-1.0 1
-1.0 1
-1.0 2
0.0 0
-1.0 0
-1.0 1
-1.0 2
0.0 0
-1.0 0
0.0 0
-1.0 0
-1.0 3
-1.0 1
0.0 0
-1.0 0
-1.0 1
-1.0 1
-1.0 1
-1.0 2
0.0 0
-1.0 0
-1.0 1
-1.0 1
0.0 0
-1.0 0
0.0 0
-1.0 0
0.0 0
-1.0 0
-1.0 1
-1.0 1
-1.0 3
-1.0 1
0.0 0
-1.0 0
0.0 0
-1.0 0
0.0 0
-1.0 0
0.0 0
-1.0 0
0.0 0
-1.0 0
0.0 0
-1.0 0
0.0 0
-1.0 0
0.0 0
-1.0 0
0.0 0
-1.0 0
-1.0 1
-1.0 1
0.0 0
-1.0 0
-1.0 1
-1.0 1
-1.0 1
-1.9 0
-1.0 1
-1.9 0
-1.0 1
-1.0 2
0.0 0
0.0 0
-1.0 0
0.0 0
-1.0 0
0.0 0
-1.0 0
0.0 0
0.0 0
0.0 0
-1.0 0
0.0 0
0.0 0
0.0 0
-1.0 0
0.0 0
0.0 0
0.0 0
-1.0 0
0.0 0
0.0 0
0.0 0
-1.0 0
0.0 0
-1.0 0
0.0 0
-1.0 0
0.0 0
0.0 0
-1.0 0
-1.0 2
0.0 0
0.0 0
0.0 0
-1.0 0
0.0 0
-1.0 0
0.0 0
0.0 0
0.0 0
0.0 0
0.0 0
-1.0 0
0.0 0
0.0 0
-1.0 0
0.0 0
0.0 0
-1.0 0
-1.0 1
-1.0 2
0.0 0
-1.0 0
0.0 0
0.0 0
0.0 0
-1.0 0
0.0 0
0.0 0
0.0 0
-1.0 0
0.0 0
0.0 0
0.0 0
0.0 0
0.0 0
0.0 0
0.0 0
-1.0 0
0.0 0
0.0 0
0.0 0
0.0 0
0.0 0
0.0 0
0.0 0
0.0 0
0.0 0
-1.0 0
0.0 0
-1.0 0
0.0 0
0.0 0
0.0 0
-1.0 0
0.0 0
0.0 0
0.0 0
-1.0 0
0.0 0
-1.0 0
0.0 0
0.0 0
0.0 0
-1.0 0
0.0 0
-1.0 0
0.0 0
-1.0 0
-1.0 0
-1.0 1
-1.0 2
0.0 0
-1.0 0
-1.0 1
-1.0 2
0.0 0
-1.0 0
-1.0 1
-1.9 0
-1.0 1
-1.0 1
-1.0 1
-1.0 2
0.0 0
-1.0 0
0.0 0
-1.0 0
0.0 0
-1.0 0
-1.0 1
-1.0 2
0.0 0
-1.0 0
-1.0 1
-1.0 2
0.0 0
-1.0 0
0.0 0
-1.0 0
0.0 0
-1.0 0
-1.0 1
-1.0 3
-1.0 1
-1.0 2
0.0 0
-1.0 0
0.0 0
-1.0 0
0.0 0
-1.0 0
-1.0 1
-1.0 1
-1.0 3
-1.0 1
0.0 0
-1.0 0
0.0 0
-1.0 0
0.0 0
-1.0 0
-1.0 1
-1.0 1
-1.0 1
-1.0 2
0.0 0
-1.0 0
-1.0 1
-1.9 0
-1.0 1
-1.0 1
-1.0 1
-1.0 1
0.0 0
-1.0 0
-1.0 1
-1.0 2
0.0 0
-1.0 0
0.0 0
-1.0 0
-1.0 1
-1.0 1
0.0 0
-1.0 0
0.0 0
-1.0 0
0.0 0
-1.0 0
0.0 0
-1.0 0
0.0 0
-1.0 0
-1.0 1
-1.0 1
-1.0 1
-1.0 3
-1.0 1
-1.9 0
-1.0 1
-1.0 1
0.0 0
-1.0 0
-1.0 1
-1.9 0
-1.0 1
-1.0 2
-1.0 0
0.0 0
0.0 0
0.0 0
0.0 0
-1.0 0
0.0 0
0.0 0
0.0 0
0.0 0
-1.0 0
0.0 0
0.0 0
0.0 0
-1.0 0
0.0 0
-1.0 0
0.0 0
-1.0 0
0.0 0
0.0 0
0.0 0
-1.0 0
0.0 0
0.0 0
0.0 0
-1.0 0
0.0 0
-1.0 0
0.0 0
-1.0 0
0.0 0
0.0 0
0.0 0
0.0 0
0.0 0
-1.0 0
0.0 0
-1.0 0
0.0 0
-1.0 0
0.0 0
-1.0 0
0.0 0
0.0 0
0.0 0
0.0 0
0.0 0
-1.0 0
0.0 0
0.0 0
0.0 0
-1.0 0
0.0 0
0.0 0
0.0 0
-1.0 0
0.0 0
0.0 0
0.0 0
-1.0 0
0.0 0
0.0 0
-1.0 0
0.0 0
0.0 0
0.0 0
0.0 0
-1.0 0
0.0 0
-1.0 0
0.0 0
0.0 0
0.0 0
-1.0 0
0.0 0
-1.0 0
0.0 0
-1.0 0
0.0 0
-1.0 0
0.0 0
-1.0 0
0.0 0
-1.0 0
0.0 0
0.0 0
0.0 0
0.0 0
0.0 0
-1.0 0
0.0 0
0.0 0
0.0 0
0.0 0
0.0 0
-1.0 0
0.0 0
0.0 0
-1.0 0
0.0 0
-1.0 0
-1.0 1
-1.0 1
0.0 0
-1.0 0
-1.0 1
-1.0 1
0.0 0
-1.0 0
-1.0 1
-1.0 1
0.0 0
-1.0 0
-1.0 1
-1.0 3
-1.0 1
-1.9 0
-1.0 1
-1.0 1
-1.0 1
-1.9 0
-1.0 1
-1.0 1
-1.0 1
-1.0 3
-1.0 1
-1.9 0
-1.0 1
-1.0 3
-1.0 1
-1.0 1
-1.0 1
-1.0 1
-1.0 1
-1.9 0
-1.0 1
-1.0 2
0.0 0
-1.0 0
-1.0 1
-1.0 2
0.0 0
-1.0 0
0.0 0
-1.0 0
0.0 0
-1.0 0
0.0 0
-1.0 0
-1.0 1
-1.0 2
0.0 0
-1.0 0
-1.0 1
-1.9 0
-1.0 1
-1.0 1
0.0 0
-1.0 0
-1.0 1
-1.0 1
0.0 0
-1.0 0
-1.0 1
-1.0 1
-1.0 1
-1.0 2
0.0 0
-1.0 0
0.0 0
-1.0 0
-1.0 1
-1.0 3
-1.0 1
-1.0 3
-1.0 1
-1.9 0
-1.0 1
-1.9 0
-1.0 1
-1.0 3
-1.0 1
-1.0 2
0.0 0
-1.0 0
-1.0 1
-1.0 1
-1.0 1
-1.0 2
0.0 0
-1.0 0
-1.0 1
-1.0 1
-1.0 1
-1.9 0
-1.0 1
-1.0 1
-1.0 0
-1.0 1
0.0 0
0.0 0
-1.0 0
0.0 0
-1.0 0
0.0 0
-1.0 0
0.0 0
0.0 0
0.0 0
0.0 0
0.0 0
0.0 0
0.0 0
0.0 0
0.0 0
-1.0 0
0.0 0
0.0 0
0.0 0
-1.0 0
0.0 0
-1.0 0
0.0 0
0.0 0
0.0 0
-1.0 0
0.0 0
0.0 0
0.0 0
0.0 0
0.0 0
0.0 0
0.0 0
-1.0 0
0.0 0
0.0 0
0.0 0
0.0 0
0.0 0
-1.0 0
0.0 0
-1.0 0
0.0 0
-1.0 0
0.0 0
-1.0 0
0.0 0
0.0 0
0.0 0
0.0 0
0.0 0
0.0 0
0.0 0
-1.0 0
0.0 0
-1.0 0
0.0 0
-1.0 0
0.0 0
0.0 0
0.0 0
0.0 0
0.0 0
-1.0 0
0.0 0
-1.0 0
0.0 0
-1.0 0
0.0 0
-1.0 0
0.0 0
0.0 0
0.0 0
0.0 0
0.0 0
-1.0 0
0.0 0
-1.0 0
0.0 0
0.0 0
-1.0 0
0.0 0
0.0 0
0.0 0
0.0 0
-1.0 0
0.0 0
0.0 0
0.0 0
0.0 0
0.0 0
-1.0 0
0.0 0
-1.0 0
0.0 0
-1.0 0
-1.0 0
0.0 0
-1.0 0
-1.0 1
-1.0 3
-1.0 1
-1.0 3
-1.0 1
-1.9 0
-1.0 1
-1.0 1
-1.0 1
-1.0 1
-1.0 1
-1.0 1
-1.0 1
-1.0 1
-1.0 1
-1.0 2
0.0 0
-1.0 0
-1.0 1
-1.0 2
0.0 0
-1.0 0
-1.0 1
-1.0 1
-1.0 1
-1.0 3
-1.0 1
-1.0 1
0.0 0
-1.0 0
0.0 0
-1.0 0
-1.0 1
-1.9 0
-1.0 1
-1.0 1
-1.0 1
-1.0 1
-1.0 1
-1.0 3
-1.0 1
-1.0 3
-1.0 1
-1.0 3
-1.0 1
-1.0 2
0.0 0
-1.0 0
-1.0 1
-1.0 1
0.0 0
-1.0 0
-1.0 1
-1.9 0
-1.0 1
-1.0 3
-1.0 1
-1.9 0
-1.0 1
-1.0 1
0.0 0
-1.0 0
-1.0 1
-1.0 2
0.0 0
-1.0 0
-1.0 1
-1.9 0
-1.0 1
-1.0 2
0.0 0
-1.0 0
-1.0 1
-1.0 1
-1.0 1
-1.0 2
0.0 0
-1.0 0
-1.0 1
-1.0 1
-1.0 3
-1.0 1
0.0 0
-1.0 0
-1.0 1
-1.0 3
-1.0 1
-1.0 1
0.0 0
-1.0 0
-1.0 1
-1.0 2
0.0 0
-1.0 0
0.0 0
-1.0 0
-1.0 0
0.0 0
0.0 0
0.0 0
0.0 0
0.0 0
0.0 0
0.0 0
-1.0 0
0.0 0
0.0 0
0.0 0
0.0 0
0.0 0
0.0 0
0.0 0
0.0 0
0.0 0
0.0 0
0.0 0
-1.0 0
0.0 0
-1.0 0
0.0 0
-1.0 0
0.0 0
0.0 0
0.0 0
0.0 0
0.0 0
0.0 0
0.0 0
-1.0 0
0.0 0
-1.0 0
0.0 0
-1.0 0
0.0 0
0.0 0
0.0 0
0.0 0
-1.0 0
0.0 0
0.0 0
0.0 0
-1.0 0
0.0 0
0.0 0
-1.0 0
0.0 0
0.0 0
0.0 0
-1.0 0
0.0 0
0.0 0
0.0 0
-1.0 0
0.0 0
0.0 0
0.0 0
-1.0 0
0.0 0
0.0 0
0.0 0
0.0 0
0.0 0
-1.0 0
0.0 0
-1.0 0
0.0 0
-1.0 0
0.0 0
0.0 0
0.0 0
0.0 0
0.0 0
-1.0 0
0.0 0
0.0 0
-1.0 0
0.0 0
0.0 0
0.0 0
0.0 0
0.0 0
0.0 0
-1.0 0
0.0 0
0.0 0
-1.0 0
0.0 0
0.0 0
-1.0 0
0.0 0
0.0 0
0.0 0
0.0 0
0.0 0
-1.0 0
-1.0 0
-1.0 1
-1.0 1
0.0 0
-1.0 0
-1.0 1
-1.0 1
-1.0 1
-1.0 2
0.0 0
-1.0 0
-1.0 1
-1.0 1
0.0 0
-1.0 0
-1.0 1
-1.0 1
-1.0 1
-1.0 1
0.0 0
-1.0 0
0.0 0
-1.0 0
0.0 0
-1.0 0
-1.0 1
-1.0 1
0.0 0
-1.0 0
0.0 0
-1.0 0
-1.0 1
-1.9 0
-1.0 1
-1.0 2
0.0 0
-1.0 0
0.0 0
-1.0 0
-1.0 1
-1.0 1
-1.0 3
-1.0 1
-1.0 1
-1.0 1
-1.0 3
-1.0 1
-1.0 1
-1.0 2
0.0 0
-1.0 0
-1.0 1
-1.0 2
0.0 0
-1.0 0
-1.0 1
-1.0 2
0.0 0
-1.0 0
0.0 0
-1.0 0
-1.0 1
-1.0 1
0.0 0
-1.0 0
0.0 0
-1.0 0
-1.0 1
-1.9 0
-1.0 1
-1.9 0
-1.0 1
-1.0 1
-1.0 1
-1.0 1
-1.0 1
-1.9 0
-1.0 1
-1.0 1
-1.0 3
-1.0 1
-1.0 1
-1.0 1
-1.0 1
-1.0 1
-1.0 1
-1.0 3
-1.0 1
-1.0 1
-1.0 3
-1.0 1
0.0 0
-1.0 0
-1.0 1
-1.0 1
-1.0 1
-1.0 1
-1.0 1
-1.0 2
-1.0 0
0.0 0
0.0 0
0.0 0
0.0 0
0.0 0
0.0 0
0.0 0
0.0 0
0.0 0
0.0 0
0.0 0
-1.0 0
0.0 0
-1.0 0
0.0 0
-1.0 0
0.0 0
-1.0 0
0.0 0
-1.0 0
0.0 0
0.0 0
0.0 0
-1.0 0
0.0 0
-1.0 0
0.0 0
-1.0 0
0.0 0
-1.0 0
0.0 0
-1.0 0
0.0 0
-1.0 0
0.0 0
0.0 0
0.0 0
-1.0 0
0.0 0
-1.0 0
0.0 0
-1.0 0
0.0 0
0.0 0
0.0 0
0.0 0
0.0 0
-1.0 0
-1.0 1
0.0 0
0.0 0
-1.0 0
0.0 0
-1.0 0
0.0 0
-1.0 0
0.0 0
-1.0 0
0.0 0
-1.0 0
0.0 0
0.0 0
0.0 0
-1.0 0
0.0 0
-1.0 0
0.0 0
-1.0 0
0.0 0
-1.0 0
0.0 0
0.0 0
0.0 0
-1.0 0
0.0 0
-1.0 0
0.0 0
-1.0 0
0.0 0
-1.0 0
0.0 0
-1.0 0
0.0 0
0.0 0
0.0 0
0.0 0
0.0 0
-1.0 0
0.0 0
0.0 0
0.0 0
-1.0 0
0.0 0
-1.0 0
0.0 0
-1.0 0
0.0 0
-1.0 0
-1.0 0
-1.0 1
-1.0 1
-1.0 1
-1.0 1
-1.0 1
-1.0 1
-1.0 1
-1.0 1
-1.0 1
-1.0 1
-1.0 1
-1.9 0
-1.0 1
-1.0 2
0.0 0
-1.0 0
0.0 0
-1.0 0
-1.0 1
-1.0 3
-1.0 1
-1.0 1
-1.0 1
-1.0 2
0.0 0
-1.0 0
0.0 0
-1.0 0
-1.0 1
-1.0 2
0.0 0
-1.0 0
-1.0 1
-1.0 2
0.0 0
-1.0 0
-1.0 1
-1.0 2
0.0 0
-1.0 0
0.0 0
-1.0 0
0.0 0
-1.0 0
0.0 0
-1.0 0
-1.0 1
-1.0 2
0.0 0
-1.0 0
-1.0 1
-1.0 3
-1.0 1
-1.9 0
-1.0 1
-1.9 0
-1.0 1
-1.0 3
-1.0 1
-1.0 3
-1.0 1
-1.0 1
-1.0 1
-1.0 3
-1.0 1
-1.9 0
-1.0 1
-1.0 2
0.0 0
-1.0 0
-1.0 1
-1.0 1
0.0 0
-1.0 0
0.0 0
-1.0 0
0.0 0
-1.0 0
0.0 0
-1.0 0
0.0 0
-1.0 0
-1.0 1
-1.0 1
0.0 0
-1.0 0
0.0 0
-1.0 0
-1.0 1
-1.0 1
-1.0 1
-1.9 0
-1.0 1
-1.0 2
0.0 0
-1.0 0
0.0 0
-1.0 0
0.0 0
0.0 0
-1.0 0
0.0 0
-1.0 0
0.0 0
0.0 0
0.0 0
-1.0 0
0.0 0
0.0 0
0.0 0
-1.0 0
0.0 0
0.0 0
0.0 0
0.0 0
0.0 0
-1.0 0
0.0 0
0.0 0
0.0 0
-1.0 0
0.0 0
0.0 0
0.0 0
0.0 0
0.0 0
-1.0 0
0.0 0
-1.0 0
0.0 0
0.0 0
0.0 0
0.0 0
0.0 0
0.0 0
0.0 0
0.0 0
0.0 0
0.0 0
-1.0 0
0.0 0
0.0 0
-1.0 0
0.0 0
-1.0 0
0.0 0
-1.0 0
0.0 0
0.0 0
0.0 0
0.0 0
0.0 0
-1.0 0
0.0 0
-1.0 0
0.0 0
0.0 0
0.0 0
0.0 0
0.0 0
-1.0 0
0.0 0
0.0 0
0.0 0
-1.0 0
0.0 0
-1.0 0
0.0 0
-1.0 0
0.0 0
-1.0 0
-1.0 1
0.0 0
0.0 0
-1.0 0
0.0 0
-1.0 0
0.0 0
0.0 0
0.0 0
0.0 0
0.0 0
-1.0 0
0.0 0
-1.0 0
0.0 0
0.0 0
0.0 0
0.0 0
0.0 0
-1.0 0
0.0 0
0.0 0
0.0 0
0.0 0
0.0 0
-1.0 0
-1.0 0
-1.0 1
-1.0 2
0.0 0
-1.0 0
-1.0 1
-1.0 1
0.0 0
-1.0 0
0.0 0
-1.0 0
-1.0 1
-1.9 0
-1.0 1
-1.0 1
-1.0 1
-1.0 1
0.0 0
-1.0 0
-1.0 1
-1.0 1
-1.0 1
-1.0 2
0.0 0
-1.0 0
-1.0 1
-1.0 1
-1.0 1
-1.9 0
-1.0 1
-1.9 0
-1.0 1
-1.0 1
-1.0 1
-1.0 1
-1.0 1
-1.0 1
0.0 0
-1.0 0
0.0 0
-1.0 0
-1.0 3
-1.0 1
0.0 0
-1.0 0
-1.0 1
-1.0 2
0.0 0
-1.0 0
-1.0 1
-1.0 1
-1.0 1
-1.0 1
-1.0 1
-1.0 2
0.0 0
-1.0 0
-1.0 1
-1.0 1
0.0 0
-1.0 0
-1.0 1
-1.9 0
-1.0 1
-1.0 1
0.0 0
-1.0 0
0.0 0
-1.0 0
0.0 0
-1.0 0
0.0 0
-1.0 0
0.0 0
-1.0 0
-1.0 1
-1.0 2
0.0 0
-1.0 0
0.0 0
-1.0 0
-1.0 1
-1.0 1
-1.0 1
-1.9 0
-1.0 1
-1.0 3
-1.0 1
-1.0 1
0.0 0
-1.0 0
-1.0 1
-1.0 3
-1.0 1
-1.0 1
0.0 0
-1.0 0
-1.0 1
-1.0 2
-1.0 0
0.0 0
0.0 0
0.0 0
-1.0 0
0.0 0
-1.0 0
-1.0 1
-1.0 2
0.0 0
-1.0 0
0.0 0
-1.0 0
0.0 0
0.0 0
0.0 0
-1.0 0
0.0 0
-1.0 0
0.0 0
-1.0 0
0.0 0
-1.0 0
0.0 0
0.0 0
0.0 0
-1.0 0
0.0 0
-1.0 0
0.0 0
-1.0 0
0.0 0
0.0 0
0.0 0
-1.0 0
0.0 0
0.0 0
0.0 0
-1.0 0
0.0 0
-1.0 0
0.0 0
0.0 0
0.0 0
0.0 0
0.0 0
0.0 0
0.0 0
-1.0 0
0.0 0
-1.0 0
0.0 0
-1.0 0
0.0 0
-1.0 0
-1.0 1
-1.0 2
0.0 0
-1.0 0
0.0 0
0.0 0
0.0 0
-1.0 0
0.0 0
-1.0 0
0.0 0
-1.0 0
0.0 0
-1.0 0
0.0 0
0.0 0
0.0 0
-1.0 0
0.0 0
0.0 0
0.0 0
0.0 0
0.0 0
-1.0 0
0.0 0
-1.0 0
0.0 0
0.0 0
0.0 0
-1.0 0
0.0 0
0.0 0
0.0 0
0.0 0
0.0 0
-1.0 0
0.0 0
0.0 0
0.0 0
-1.0 0
0.0 0
0.0 0
0.0 0
-1.0 0
-1.0 0
0.0 0
-1.0 0
-1.0 1
-1.0 2
0.0 0
-1.0 0
0.0 0
-1.0 0
0.0 0
-1.0 0
0.0 0
-1.0 0
0.0 0
-1.0 0
-1.0 1
-1.0 3
-1.0 1
-1.0 2
0.0 0
-1.0 0
0.0 0
-1.0 0
0.0 0
-1.0 0
-1.0 1
-1.0 2
0.0 0
-1.0 0
0.0 0
-1.0 0
0.0 0
-1.0 0
0.0 0
-1.0 0
-1.0 1
-1.0 1
0.0 0
-1.0 0
-1.0 1
-1.9 0
-1.0 1
-1.0 1
0.0 0
-1.0 0
-1.0 1
-1.0 1
-1.0 1
-1.0 2
0.0 0
-1.0 0
0.0 0
-1.0 0
0.0 0
-1.0 0
0.0 0
-1.0 0
0.0 0
-1.0 0
0.0 0
-1.0 0
-1.0 1
-1.0 2
0.0 0
-1.0 0
0.0 0
-1.0 0
0.0 0
-1.0 0
0.0 0
-1.0 0
-1.0 1
-1.0 2
0.0 0
-1.0 0
-1.0 1
-1.0 1
-1.0 1
-1.0 2
0.0 0
-1.0 0
-1.0 1
-1.0 1
0.0 0
-1.0 0
0.0 0
-1.0 0
-1.0 1
-1.0 1
-1.0 1
-1.0 2
0.0 0
-1.0 0
-1.0 1
-1.0 2
0.0 0
-1.0 0
-1.0 1
-1.0 2
0.0 0
0.0 0
-1.0 0
0.0 0
-1.0 0
0.0 0
0.0 0
0.0 0
-1.0 0
0.0 0
0.0 0
0.0 0
0.0 0
0.0 0
-1.0 0
0.0 0
0.0 0
0.0 0
-1.0 0
0.0 0
0.0 0
0.0 0
0.0 0
0.0 0
-1.0 0
0.0 0
-1.0 0
-1.0 1
0.0 0
0.0 0
-1.0 0
0.0 0
-1.0 0
0.0 0
-1.0 0
0.0 0
0.0 0
0.0 0
-1.0 0
0.0 0
-1.0 0
0.0 0
-1.0 0
0.0 0
0.0 0
0.0 0
-1.0 0
0.0 0
0.0 0
0.0 0
0.0 0
0.0 0
-1.0 0
0.0 0
-1.0 0
0.0 0
0.0 0
0.0 0
-1.0 0
0.0 0
-1.0 0
0.0 0
0.0 0
0.0 0
0.0 0
0.0 0
-1.0 0
0.0 0
0.0 0
0.0 0
-1.0 0
0.0 0
-1.0 0
0.0 0
-1.0 0
0.0 0
-1.0 0
0.0 0
0.0 0
0.0 0
-1.0 0
0.0 0
-1.0 0
0.0 0
-1.0 0
0.0 0
0.0 0
0.0 0
0.0 0
0.0 0
-1.0 0
0.0 0
0.0 0
0.0 0
-1.0 0
0.0 0
-1.0 0
0.0 0
0.0 0
-1.0 0
-1.0 1
-1.0 2
0.0 0
-1.0 0
0.0 0
-1.0 0
0.0 0
-1.0 0
0.0 0
-1.0 0
-1.0 1
-1.0 1
-1.0 1
-1.0 2
0.0 0
-1.0 0
-1.0 1
-1.9 0
-1.0 1
-1.0 1
0.0 0
-1.0 0
0.0 0
-1.0 0
0.0 0
-1.0 0
0.0 0
-1.0 0
-1.0 1
-1.0 2
0.0 0
-1.0 0
-1.0 1
-1.9 0
-1.0 1
-1.0 1
0.0 0
-1.0 0
-1.0 1
-1.9 0
-1.0 1
-1.0 3
-1.0 1
-1.0 1
-1.0 1
-1.0 2
0.0 0
-1.0 0
-1.0 1
-1.0 1
-1.0 1
-1.9 0
-1.0 1
-1.0 3
-1.0 1
-1.0 1
0.0 0
-1.0 0
-1.0 1
-1.0 3
-1.0 1
-1.0 1
0.0 0
-1.0 0
-1.0 1
-1.0 3
-1.0 1
-1.0 1
-1.0 1
-1.0 2
0.0 0
-1.0 0
0.0 0
-1.0 0
0.0 0
-1.0 0
0.0 0
-1.0 0
-1.0 1
-1.0 3
-1.0 1
-1.9 0
-1.0 1
-1.9 0
-1.0 1
-1.0 1
-1.0 1
-1.0 1
0.0 0
-1.0 0
0.0 0
-1.0 0
-1.0 1
-1.0 2
0.0 0
-1.0 0
-1.0 1
-1.0 1
-1.0 0
0.0 0
-1.0 0
-1.0 1
-1.0 2
0.0 0
-1.0 0
0.0 0
0.0 0
0.0 0
-1.0 0
0.0 0
-1.0 0
0.0 0
-1.0 0
0.0 0
0.0 0
0.0 0
-1.0 0
0.0 0
0.0 0
0.0 0
-1.0 0
0.0 0
0.0 0
0.0 0
0.0 0
0.0 0
-1.0 0
0.0 0
-1.0 0
0.0 0
0.0 0
0.0 0
-1.0 0
0.0 0
-1.0 0
0.0 0
-1.0 0
0.0 0
-1.0 0
0.0 0
0.0 0
0.0 0
-1.0 0
0.0 0
-1.0 0
0.0 0
0.0 0
0.0 0
-1.0 0
0.0 0
-1.0 0
0.0 0
0.0 0
0.0 0
-1.0 0
0.0 0
0.0 0
-1.0 0
0.0 0
0.0 0
-1.0 0
0.0 0
0.0 0
0.0 0
0.0 0
0.0 0
-1.0 0
0.0 0
-1.0 0
0.0 0
0.0 0
0.0 0
-1.0 0
0.0 0
-1.0 0
0.0 0
0.0 0
0.0 0
0.0 0
0.0 0
-1.0 0
0.0 0
-1.0 0
0.0 0
-1.0 0
0.0 0
0.0 0
0.0 0
0.0 0
-1.0 0
-1.0 2
0.0 0
0.0 0
0.0 0
-1.0 0
0.0 0
-1.0 0
-1.0 0
0.0 0
-1.0 0
0.0 0
-1.0 0
-1.0 1
-1.0 2
0.0 0
-1.0 0
-1.0 1
-1.9 0
-1.0 1
-1.0 2
0.0 0
-1.0 0
-1.0 1
-1.0 1
-1.0 1
-1.9 0
-1.0 1
-1.0 1
0.0 0
-1.0 0
-1.0 1
-1.0 1
0.0 0
-1.0 0
-1.0 1
-1.0 3
-1.0 1
-1.0 2
0.0 0
-1.0 0
0.0 0
-1.0 0
0.0 0
-1.0 0
-1.0 1
-1.9 0
-1.0 1
-1.9 0
-1.0 1
-1.0 1
0.0 0
-1.0 0
0.0 0
-1.0 0
0.0 0
-1.0 0
-1.0 1
-1.0 2
0.0 0
-1.0 0
-1.0 1
-1.0 1
0.0 0
-1.0 0
-1.0 1
-1.0 1
0.0 0
-1.0 0
-1.0 1
-1.0 2
0.0 0
-1.0 0
-1.0 1
-1.0 1
-1.0 1
-1.0 3
-1.0 1
-1.9 0
-1.0 1
-1.0 1
0.0 0
-1.0 0
0.0 0
-1.0 0
-1.0 1
-1.0 1
0.0 0
-1.0 0
-1.0 1
-1.0 2
0.0 0
-1.0 0
-1.0 1
-1.9 0
-1.0 1
-1.0 1
-1.0 1
-1.0 1
0.0 0
-1.0 0
-1.0 1
-1.0 1
0.0 0
-1.0 0
0.0 0
-1.0 0
-1.0 0
-1.0 1
-1.0 2
0.0 0
0.0 0
0.0 0
0.0 0
0.0 0
0.0 0
0.0 0
-1.0 0
0.0 0
0.0 0
0.0 0
-1.0 0
0.0 0
0.0 0
0.0 0
-1.0 0
0.0 0
0.0 0
0.0 0
-1.0 0
0.0 0
0.0 0
0.0 0
0.0 0
0.0 0
0.0 0
0.0 0
-1.0 0
0.0 0
-1.0 0
0.0 0
0.0 0
0.0 0
-1.0 0
0.0 0
-1.0 0
0.0 0
-1.0 0
0.0 0
0.0 0
0.0 0
0.0 0
0.0 0
-1.0 0
0.0 0
0.0 0
0.0 0
-1.0 0
0.0 0
-1.0 0
0.0 0
-1.0 0
0.0 0
0.0 0
0.0 0
-1.0 0
0.0 0
0.0 0
0.0 0
0.0 0
0.0 0
-1.0 0
0.0 0
0.0 0
0.0 0
0.0 0
0.0 0
-1.0 0
0.0 0
0.0 0
-1.0 0
0.0 0
-1.0 0
-1.0 2
0.0 0
0.0 0
0.0 0
0.0 0
0.0 0
-1.0 0
0.0 0
0.0 0
0.0 0
-1.0 0
0.0 0
-1.0 0
0.0 0
0.0 0
0.0 0
-1.0 0
0.0 0
-1.0 0
0.0 0
-1.0 0
0.0 0
-1.0 0
-1.0 0
0.0 0
-1.0 0
0.0 0
-1.0 0
-1.0 1
-1.0 1
-1.0 1
-1.0 1
-1.0 1
-1.0 2
0.0 0
-1.0 0
-1.0 1
-1.0 2
0.0 0
-1.0 0
-1.0 1
-1.9 0
-1.0 1
-1.0 1
-1.0 1
-1.9 0
-1.0 1
-1.0 1
-1.0 1
-1.0 1
0.0 0
-1.0 0
0.0 0
-1.0 0
0.0 0
-1.0 0
-1.0 1
-1.0 1
-1.0 1
-1.0 2
0.0 0
-1.0 0
0.0 0
-1.0 0
-1.0 1
-1.0 1
0.0 0
-1.0 0
-1.0 1
-1.0 3
-1.0 1
-1.0 1
0.0 0
-1.0 0
-1.0 1
-1.9 0
-1.0 1
-1.0 2
0.0 0
-1.0 0
-1.0 1
-1.0 2
0.0 0
-1.0 0
-1.0 1
-1.0 1
-1.0 1
-1.0 2
0.0 0
-1.0 0
-1.0 1
-1.0 1
0.0 0
-1.0 0
-1.0 1
-1.0 1
-1.0 3
-1.0 1
0.0 0
-1.0 0
0.0 0
-1.0 0
-1.0 1
-1.0 1
-1.0 1
-1.0 2
0.0 0
-1.0 0
0.0 0
-1.0 0
0.0 0
-1.0 0
-1.0 1
-1.0 1
0.0 0
-1.0 0
0.0 0
-1.0 0
0.0 0
-1.0 0
0.0 0
-1.0 0
0.0 0
0.0 0
-1.0 0
0.0 0
0.0 0
0.0 0
0.0 0
-1.0 0
0.0 0
0.0 0
-1.0 0
0.0 0
-1.0 0
0.0 0
-1.0 0
0.0 0
0.0 0
0.0 0
-1.0 0
0.0 0
-1.0 0
0.0 0
-1.0 0
0.0 0
0.0 0
0.0 0
-1.0 0
0.0 0
-1.0 0
0.0 0
0.0 0
-1.0 0
0.0 0
0.0 0
-1.0 0
0.0 0
0.0 0
0.0 0
-1.0 0
0.0 0
-1.0 0
0.0 0
0.0 0
0.0 0
0.0 0
0.0 0
0.0 0
0.0 0
-1.0 0
0.0 0
0.0 0
0.0 0
-1.0 0
0.0 0
0.0 0
0.0 0
0.0 0
0.0 0
0.0 0
0.0 0
-1.0 0
0.0 0
-1.0 0
0.0 0
-1.0 0
0.0 0
0.0 0
0.0 0
-1.0 0
0.0 0
-1.0 0
0.0 0
0.0 0
0.0 0
-1.0 0
0.0 0
-1.0 0
0.0 0
-1.0 0
0.0 0
-1.0 0
0.0 0
-1.0 0
-1.0 1
-1.0 2
0.0 0
0.0 0
0.0 0
-1.0 0
0.0 0
-1.0 0
0.0 0
0.0 0
0.0 0
0.0 0
0.0 0
-1.0 0
0.0 0
-1.0 0
-1.0 0
-1.0 1
-1.9 0
-1.0 1
-1.0 1
0.0 0
-1.0 0
-1.0 3
-1.0 1
-1.0 1
-1.0 3
-1.0 1
-1.0 2
0.0 0
-1.0 0
0.0 0
-1.0 0
-1.0 1
-1.0 2
0.0 0
-1.0 0
0.0 0
-1.0 0
0.0 0
-1.0 0
-1.0 1
-1.0 2
0.0 0
-1.0 0
0.0 0
-1.0 0
-1.0 3
-1.0 1
0.0 0
-1.0 0
0.0 0
-1.0 0
-1.0 1
-1.9 0
-1.0 1
-1.0 3
-1.0 1
-1.0 1
-1.0 1
-1.0 1
0.0 0
-1.0 0
-1.0 1
-1.0 2
0.0 0
-1.0 0
0.0 0
-1.0 0
0.0 0
-1.0 0
0.0 0
-1.0 0
0.0 0
-1.0 0
-1.0 1
-1.0 2
0.0 0
-1.0 0
0.0 0
-1.0 0
-1.0 1
-1.0 1
-1.0 1
-1.0 3
-1.0 1
-1.9 0
-1.0 1
-1.0 1
-1.0 1
-1.0 2
0.0 0
-1.0 0
0.0 0
-1.0 0
0.0 0
-1.0 0
-1.0 1
-1.0 2
0.0 0
-1.0 0
-1.0 1
-1.0 1
-1.0 1
-1.9 0
-1.0 1
-1.0 3
-1.0 1
-1.0 1
-1.0 1
-1.0 1
-1.0 1
-1.0 2
0.0 0
-1.0 0
0.0 0
0.0 0
-1.0 0
0.0 0
0.0 0
0.0 0
-1.0 0
0.0 0
0.0 0
0.0 0
0.0 0
0.0 0
0.0 0
-1.0 0
0.0 0
0.0 0
-1.0 0
0.0 0
-1.0 0
0.0 0
-1.0 0
-1.0 1
-1.0 2
0.0 0
-1.0 0
0.0 0
0.0 0
0.0 0
-1.0 0
0.0 0
0.0 0
0.0 0
-1.0 0
0.0 0
0.0 0
0.0 0
0.0 0
0.0 0
-1.0 0
0.0 0
0.0 0
0.0 0
-1.0 0
0.0 0
-1.0 0
0.0 0
-1.0 0
0.0 0
-1.0 0
0.0 0
-1.0 0
0.0 0
0.0 0
0.0 0
-1.0 0
0.0 0
-1.0 0
0.0 0
-1.0 0
0.0 0
-1.0 0
0.0 0
-1.0 0
0.0 0
0.0 0
0.0 0
0.0 0
0.0 0
0.0 0
0.0 0
-1.0 0
0.0 0
0.0 0
0.0 0
-1.0 0
0.0 0
0.0 0
0.0 0
0.0 0
0.0 0
0.0 0
0.0 0
0.0 0
0.0 0
0.0 0
0.0 0
-1.0 0
0.0 0
-1.0 0
0.0 0
0.0 0
0.0 0
0.0 0
0.0 0
-1.0 0
0.0 0
0.0 0
0.0 0
-1.0 0
-1.0 0
-1.0 1
-1.0 3
-1.0 1
-1.0 1
-1.0 1
-1.0 2
0.0 0
-1.0 0
-1.0 1
-1.0 1
-1.0 1
-1.0 1
-1.0 3
-1.0 1
-1.0 1
-1.0 2
0.0 0
-1.0 0
0.0 0
-1.0 0
0.0 0
-1.0 0
-1.0 1
-1.0 3
-1.0 1
-1.0 1
-1.0 1
-1.0 3
-1.0 1
-1.0 1
-1.0 1
-1.0 3
-1.0 1
-1.0 1
-1.0 1
-1.0 1
-1.0 1
-1.0 3
-1.0 1
-1.0 1
0.0 0
-1.0 0
0.0 0
-1.0 0
-1.0 1
-1.0 2
0.0 0
-1.0 0
0.0 0
-1.0 0
-1.0 1
-1.0 1
-1.0 1
-1.0 3
-1.0 1
-1.0 3
-1.0 1
-1.0 2
0.0 0
-1.0 0
-1.0 1
-1.0 2
0.0 0
-1.0 0
-1.0 1
-1.0 1
-1.0 1
-1.0 1
-1.0 1
-1.0 3
-1.0 1
-1.0 1
0.0 0
-1.0 0
-1.0 1
-1.0 1
0.0 0
-1.0 0
-1.0 1
-1.0 1
-1.0 1
-1.0 1
-1.0 1
-1.0 1
-1.0 1
-1.0 2
0.0 0
-1.0 0
-1.0 1
-1.0 1
0.0 0
-1.0 0
-1.0 1
-1.0 3
-1.0 1
-1.0 1
0.0 0
-1.0 0
0.0 0
