47824.47296900001 3
89999.0 2
100000.0 2
0.0 0
100000.0 0
89999.0 0
80998.1 0
72897.29000000001 0
65606.56100000002 0
59044.904900000016 0
31374.19771496091 3
28235.77794346482 0
25411.200149118336 0
22869.080134206502 0
20581.172120785854 0
18522.05490870727 0
16668.849417836544 0
15000.96447605289 0
16668.849417836544 2
18522.05490870727 2
20581.172120785854 3
16668.849417836544 3
8853.824413464472 2
9838.693792738302 2
10932.993103042558 3
53139.41441000001 3
100000.0 1
80998.1 1
65606.56100000002 1
53139.41441000001 1
34861.33079440101 3
22869.080134206502 3
22869.080134206502 3
18522.05490870727 3
12148.881225602841 3
59044.904900000016 2
65606.56100000002 2
72897.29000000001 2
80998.1 2
89999.0 1
72897.29000000001 1
59044.904900000016 1
47824.47296900001 1
43041.02567210001 0
38735.92310489001 0
34861.33079440101 0
31374.19771496091 0
28235.77794346482 0
25411.200149118336 0
13499.868028447601 3
10932.993103042558 3
25411.200149118336 3
20581.172120785854 3
10932.993103042558 2
12148.881225602841 2
13499.868028447601 3
65606.56100000002 1
53139.41441000001 1
47824.47296900001 0
34861.33079440101 1
15000.96447605289 3
12148.881225602841 3
28235.77794346482 3
22869.080134206502 3
15000.96447605289 3
47824.47296900001 2
53139.41441000001 2
59044.904900000016 1
53139.41441000001 0
47824.47296900001 0
43041.02567210001 0
38735.92310489001 0
47824.47296900001 1
25411.200149118336 2
28235.77794346482 2
31374.19771496091 1
28235.77794346482 0
25411.200149118336 0
22869.080134206502 0
20581.172120785854 0
18522.05490870727 0
16668.849417836544 0
15000.96447605289 0
13499.868028447601 0
31374.19771496091 3
25411.200149118336 3
20581.172120785854 3
18522.05490870727 0
16668.849417836544 0
43041.02567210001 1
53139.41441000001 1
43041.02567210001 1
34861.33079440101 1
43041.02567210001 1
31374.19771496091 3
22869.080134206502 1
34861.33079440101 3
28235.77794346482 3
22869.080134206502 3
15000.96447605289 1
38735.92310489001 1
47824.47296900001 1
38735.92310489001 1
34861.33079440101 0
31374.19771496091 0
38735.92310489001 1
34861.33079440101 0
31374.19771496091 0
34861.33079440101 3
25411.200149118336 2
28235.77794346482 2
31374.19771496091 2
34861.33079440101 3
31374.19771496091 0
47824.47296900001 3
38735.92310489001 3
34861.33079440101 0
31374.19771496091 0
28235.77794346482 0
25411.200149118336 0
13499.868028447601 1
34861.33079440101 1
28235.77794346482 1
34861.33079440101 1
38735.92310489001 3
38735.92310489001 3
53139.41441000001 3
43041.02567210001 3
28235.77794346482 1
22869.080134206502 1
12148.881225602841 1
31374.19771496091 1
16668.849417836544 2
18522.05490870727 2
20581.172120785854 2
22869.080134206502 2
25411.200149118336 1
31374.19771496091 1
34861.33079440101 2
38735.92310489001 2
43041.02567210001 2
47824.47296900001 2
53139.41441000001 3
47824.47296900001 0
43041.02567210001 0
43041.02567210001 2
47824.47296900001 2
53139.41441000001 2
59044.904900000016 3
53139.41441000001 0
47824.47296900001 0
25411.200149118336 1
20581.172120785854 1
10932.993103042558 1
28235.77794346482 1
15000.96447605289 1
22869.080134206502 1
20581.172120785854 0
31374.19771496091 1
47824.47296900001 3
59044.904900000016 3
38735.92310489001 1
43041.02567210001 1
65606.56100000002 3
25411.200149118336 1
13499.868028447601 1
10932.993103042558 3
20581.172120785854 1
22869.080134206502 2
25411.200149118336 2
28235.77794346482 1
53139.41441000001 3
65606.56100000002 3
34861.33079440101 1
34861.33079440101 2
38735.92310489001 1
72897.29000000001 2
80998.1 2
89999.0 2
100000.0 2
0.0 0
100000.0 0
89999.0 0
80998.1 0
72897.29000000001 0
22869.080134206502 1
12148.881225602841 1
12148.881225602841 3
18522.05490870727 1
25411.200149118336 1
59044.904900000016 3
72897.29000000001 3
65606.56100000002 1
80998.1 1
65606.56100000002 1
20581.172120785854 1
10932.993103042558 1
13499.868028447601 2
15000.96447605289 2
16668.849417836544 1
15000.96447605289 0
13499.868028447601 0
22869.080134206502 1
65606.56100000002 2
72897.29000000001 2
80998.1 3
38735.92310489001 2
43041.02567210001 2
47824.47296900001 2
53139.41441000001 2
59044.904900000016 1
65606.56100000002 2
72897.29000000001 1
65606.56100000002 0
59044.904900000016 0
53139.41441000001 0
47824.47296900001 0
59044.904900000016 1
18522.05490870727 1
9838.693792738302 1
12148.881225602841 1
15000.96447605289 1
12148.881225602841 1
59044.904900000016 1
89999.0 3
43041.02567210001 1
53139.41441000001 1
65606.56100000002 1
43041.02567210001 1
53139.41441000001 1
16668.849417836544 1
8853.824413464472 1
10932.993103042558 1
13499.868028447601 1
10932.993103042558 1
9838.693792738302 0
8853.824413464472 0
53139.41441000001 1
100000.0 3
31374.19771496091 2
34861.33079440101 2
38735.92310489001 1
43041.02567210001 2
47824.47296900001 1
59044.904900000016 1
53139.41441000001 0
47824.47296900001 0
38735.92310489001 1
43041.02567210001 2
47824.47296900001 1
15000.96447605289 1
7967.441972118025 1
9838.693792738302 1
12148.881225602841 1
9838.693792738302 1
7967.441972118025 1
47824.47296900001 1
0.0 0
100000.0 0
34861.33079440101 1
34861.33079440101 1
43041.02567210001 1
13499.868028447601 1
7169.697774906223 1
8853.824413464472 1
10932.993103042558 1
8853.824413464472 1
7169.697774906223 1
43041.02567210001 1
100000.0 1
25411.200149118336 2
28235.77794346482 2
31374.19771496091 1
28235.77794346482 0
31374.19771496091 3
20581.172120785854 2
22869.080134206502 2
25411.200149118336 2
28235.77794346482 2
31374.19771496091 1
38735.92310489001 1
12148.881225602841 1
9838.693792738302 3
12148.881225602841 3
6451.727997415601 1
89999.0 1
34861.33079440101 3
34861.33079440101 1
10932.993103042558 1
9838.693792738302 0
8853.824413464472 0
9838.693792738302 2
10932.993103042558 3
13499.868028447601 2
15000.96447605289 2
16668.849417836544 3
5805.555197674041 1
10932.993103042558 3
80998.1 1
72897.29000000001 0
65606.56100000002 0
59044.904900000016 0
53139.41441000001 0
38735.92310489001 3
34861.33079440101 0
31374.19771496091 0
25411.200149118336 2
28235.77794346482 2
31374.19771496091 2
34861.33079440101 2
38735.92310489001 3
9838.693792738302 1
12148.881225602841 3
18522.05490870727 3
12148.881225602841 3
80998.1 3
43041.02567210001 3
28235.77794346482 1
43041.02567210001 3
8853.824413464472 1
10932.993103042558 2
12148.881225602841 2
13499.868028447601 3
16668.849417836544 2
18522.05490870727 2
20581.172120785854 3
18522.05490870727 0
16668.849417836544 0
15000.96447605289 0
13499.868028447601 0
89999.0 3
80998.1 0
72897.29000000001 0
59044.904900000016 3
53139.41441000001 0
47824.47296900001 0
25411.200149118336 1
72897.29000000001 3
65606.56100000002 0
59044.904900000016 0
53139.41441000001 0
47824.47296900001 0
7967.441972118025 1
7169.697774906223 0
15000.96447605289 3
22869.080134206502 3
100000.0 3
80998.1 3
65606.56100000002 3
43041.02567210001 1
80998.1 3
65606.56100000002 3
7169.697774906223 1
13499.868028447601 3
16668.849417836544 2
18522.05490870727 2
20581.172120785854 2
22869.080134206502 2
25411.200149118336 3
22869.080134206502 0
20581.172120785854 0
18522.05490870727 0
16668.849417836544 0
0.0 0
100000.0 0
89999.0 0
80998.1 0
72897.29000000001 0
38735.92310489001 1
0.0 0
100000.0 0
89999.0 0
80998.1 0
72897.29000000001 0
38735.92310489001 3
6451.727997415601 1
15000.96447605289 3
28235.77794346482 3
18522.05490870727 1
100000.0 1
80998.1 1
34861.33079440101 1
80998.1 1
65606.56100000002 1
43041.02567210001 3
5805.555197674041 1
16668.849417836544 2
18522.05490870727 2
20581.172120785854 2
22869.080134206502 2
25411.200149118336 2
28235.77794346482 2
31374.19771496091 3
16668.849417836544 1
72897.29000000001 2
80998.1 2
89999.0 1
72897.29000000001 1
25411.200149118336 2
28235.77794346482 2
31374.19771496091 1
28235.77794346482 0
25411.200149118336 0
72897.29000000001 1
59044.904900000016 1
53139.41441000001 0
47824.47296900001 0
15000.96447605289 1
18522.05490870727 1
34861.33079440101 3
15000.96447605289 1
34861.33079440101 3
43041.02567210001 1
10932.993103042558 2
12148.881225602841 2
13499.868028447601 1
16668.849417836544 1
8853.824413464472 3
38735.92310489001 3
13499.868028447601 1
12148.881225602841 0
10932.993103042558 0
0.0 0
59044.904900000016 3
53139.41441000001 0
47824.47296900001 0
43041.02567210001 0
38735.92310489001 0
20581.172120785854 3
18522.05490870727 0
16668.849417836544 0
15000.96447605289 0
13499.868028447601 0
38735.92310489001 1
9838.693792738302 1
12148.881225602841 1
15000.96447605289 1
9838.693792738302 3
43041.02567210001 3
100000.0 1
65606.56100000002 3
43041.02567210001 1
34861.33079440101 1
22869.080134206502 3
34861.33079440101 1
8853.824413464472 1
10932.993103042558 1
12148.881225602841 2
13499.868028447601 1
12148.881225602841 0
10932.993103042558 0
47824.47296900001 2
53139.41441000001 2
59044.904900000016 2
65606.56100000002 2
72897.29000000001 2
80998.1 2
89999.0 1
80998.1 0
72897.29000000001 0
38735.92310489001 1
34861.33079440101 0
31374.19771496091 0
28235.77794346482 0
25411.200149118336 0
22869.080134206502 0
20581.172120785854 0
25411.200149118336 2
28235.77794346482 2
31374.19771496091 1
