453.88615 3
562.69895 3
697.03575 2
775.59527 2
862.88364 2
959.87071 2
1067.6341 2
1187.3712 2
1320.4125 2
1468.2361 2
1632.4846 2
1814.9828 2
2017.7587 3
1632.4846 3
1320.4125 3
1187.3712 0
1067.6341 0
562.69895 2
626.33217 2
697.03575 3
365.74778 3
328.17301 0
294.3557 0
121.01515 2
135.57239 2
151.7471 3
135.57239 0
121.01515 0
96.122272 3
85.510045 0
75.959041 0
67.363137 0
59.626823 0
52.664141 0
46.397727 0
40.757954 0
35.682159 0
31.113943 0
27.002548 0
0.0 0
0.0 1
0.0 1
0.0 0
0.0 1
0.0 1
0.0 0
0.0 1
0.0 1
0.0 1
0.0 1
0.0 1
0.0 1
0.0 1
0.0 1
0.0 1
0.0 1
0.0 0
0.0 0
0.0 1
0.0 1
0.0 1
0.0 1
0.0 1
0.0 1
0.0 0
0.0 1
0.0 1
0.0 0
0.0 1
0.0 1
0.0 1
0.0 1
0.0 1
0.0 1
0.0 0
0.0 0
0.0 1
0.0 1
0.0 1
0.0 1
0.0 1
0.0 1
505.42906 3
626.33217 3
1320.4125 3
1468.2361 1
2243.0652 3
1814.9828 3
1468.2361 3
1187.3712 3
775.59527 3
407.49754 3
169.719 3
107.91364 3
85.510045 3
67.363137 3
40.757954 1
31.113943 1
23.302294 1
0.0 0
0.0 0
0.0 0
0.0 0
0.0 0
0.0 0
0.0 0
0.0 0
0.0 0
0.0 0
0.0 0
0.0 0
0.0 0
0.0 0
0.0 0
562.69895 2
626.33217 2
697.03575 2
775.59527 2
862.88364 2
959.87071 2
1067.6341 2
1187.3712 2
1320.4125 2
1468.2361 2
1632.4846 3
1320.4125 1
2493.4058 3
2243.0652 0
2017.7587 0
1632.4846 3
1468.2361 0
1320.4125 0
1187.3712 0
1067.6341 0
959.87071 0
862.88364 0
453.88615 3
365.74778 3
151.7471 2
169.719 2
189.68778 3
96.122272 2
107.91364 2
121.01515 3
107.91364 0
96.122272 0
85.510045 0
75.959041 0
35.682159 1
31.113943 0
27.002548 0
19.972064 1
0.0 0
0.0 1
0.0 2
0.0 0
0.0 0
0.0 0
0.0 1
0.0 1
0.0 1
0.0 1
0.0 1
0.0 2
0.0 0
0.0 0
0.0 1
0.0 2
0.0 0
0.0 1
0.0 2
0.0 0
0.0 0
0.0 0
0.0 0
0.0 1
0.0 1
0.0 0
0.0 0
0.0 1
0.0 3
0.0 1
0.0 2
0.0 0
0.0 1
0.0 1
0.0 1
0.0 1
0.0 0
626.33217 1
775.59527 1
1814.9828 3
2771.562 3
1814.9828 3
775.59527 1
505.42906 3
407.49754 3
211.87531 3
135.57239 3
16.974858 1
0.0 0
0.0 0
0.0 2
0.0 0
0.0 0
0.0 0
0.0 0
0.0 0
0.0 0
0.0 0
0.0 0
0.0 0
0.0 0
0.0 0
0.0 0
0.0 0
31374.198 3
562.69895 1
697.03575 1
1320.4125 3
1632.4846 2
1814.9828 2
2017.7587 3
2493.4058 2
2771.562 2
3080.6245 3
2771.562 0
2493.4058 0
2243.0652 0
2017.7587 0
453.88615 2
505.42906 2
562.69895 2
626.33217 2
697.03575 1
626.33217 0
562.69895 0
505.42906 0
453.88615 0
294.3557 3
263.92013 0
236.52812 0
211.87531 0
189.68778 0
169.719 0
151.7471 0
135.57239 0
121.01515 0
107.91364 0
96.122272 0
14.277372 3
9.6646713 2
11.849635 2
14.277372 1
0.0 0
0.0 0
0.0 1
0.0 1
0.0 0
0.0 0
0.0 0
0.0 0
0.0 0
0.0 0
0.0 1
0.0 2
0.0 0
0.0 0
0.0 0
0.0 1
0.0 1
0.0 1
0.0 3
0.0 1
0.0 2
0.0 0
0.0 0
0.0 1
-1.0 0
0.0 1
-1.0 0
0.0 1
0.0 1
0.0 1
0.0 1
0.0 1
0.0 2
0.0 0
0.0 0
0.0 1
0.0 2
34861.331 3
1468.2361 3
2243.0652 3
3424.0272 3
365.74778 2
407.49754 1
626.33217 1
505.42906 1
407.49754 1
365.74778 0
328.17301 0
211.87531 1
135.57239 1
107.91364 1
16.974858 3
11.849635 1
0.0 0
0.0 0
0.0 0
0.0 0
0.0 0
0.0 0
0.0 0
0.0 0
0.0 0
0.0 0
0.0 0
0.0 0
0.0 0
0.0 0
0.0 0
38735.923 2
43041.026 2
47824.473 3
1320.4125 2
1468.2361 2
1632.4846 2
1814.9828 2
2017.7587 2
2243.0652 2
2493.4058 2
2771.562 2
3080.6245 2
3424.0272 2
3805.5858 3
3424.0272 0
3080.6245 0
2771.562 0
2493.4058 0
365.74778 1
407.49754 2
453.88615 2
505.42906 2
562.69895 1
505.42906 0
453.88615 0
407.49754 0
365.74778 0
294.3557 1
189.68778 1
121.01515 3
121.01515 1
107.91364 0
96.122272 0
14.277372 2
16.974858 2
19.972064 3
16.974858 0
14.277372 0
9.6646713 1
0.0 0
0.0 1
0.0 2
0.0 0
0.0 1
0.0 2
0.0 0
0.0 1
0.0 3
0.0 1
0.0 2
0.0 0
0.0 1
0.0 2
0.0 0
0.0 0
0.0 1
0.0 1
0.0 0
0.0 1
0.0 2
0.0 0
0.0 0
0.0 0
0.0 1
0.0 1
0.0 0
0.0 0
0.0 1
0.0 1
0.0 0
0.0 0
0.0 0
0.0 0
0.0 0
53139.414 3
4229.5397 3
328.17301 1
169.719 1
135.57239 3
85.510045 1
23.302294 3
7.6982042 1
0.0 0
0.0 0
0.0 0
0.0 0
0.0 0
0.0 0
0.0 0
0.0 0
0.0 0
0.0 0
0.0 0
0.0 0
0.0 0
0.0 0
0.0 0
47824.473 2
53139.414 2
59044.905 3
72897.29 3
65606.561 0
59044.905 0
5805.5552 2
6451.728 2
7169.6978 3
5805.5552 3
4700.5997 3
1632.4846 2
1814.9828 2
2017.7587 3
75.959041 3
96.122272 2
107.91364 2
121.01515 3
236.52812 2
263.92013 2
294.3557 1
151.7471 3
135.57239 0
151.7471 1
151.7471 3
135.57239 0
121.01515 0
75.959041 1
19.972064 2
23.302294 2
27.002548 3
2.9019909 2
4.3355454 2
5.9283838 1
4.3355454 0
2.9019909 0
1.6117918 0
0.45061259 0
0.0 1
0.0 3
0.0 1
0.0 1
0.0 0
0.0 1
0.0 1
0.0 1
0.0 3
0.0 1
0.0 2
0.0 0
0.0 0
0.0 0
0.0 1
0.0 1
0.0 0
0.0 1
0.0 1
0.0 1
0.0 2
0.0 0
0.0 1
0.0 1
0.0 0
0.0 0
0.0 0
0.0 0
0.0 1
0.0 2
0.0 0
0.0 1
0.0 2
0.0 0
0.0 1
0.0 2
65606.561 3
80998.1 3
7967.442 3
6451.728 3
5223.9997 3
2243.0652 3
85.510045 3
135.57239 3
263.92013 1
169.719 3
169.719 3
59.626823 2
67.363137 1
31.113943 3
4.3355454 1
0.0 0
0.0 0
0.0 0
0.0 0
0.0 0
0.0 0
0.0 2
0.0 0
0.0 0
0.0 0
0.0 0
0.0 0
0.0 0
0.0 0
0.0 0
59044.905 2
65606.561 2
72897.29 2
80998.1 2
89999.0 3
13499.868 3
12148.881 0
10932.993 0
9838.6938 0
8853.8244 0
7967.442 0
7169.6978 0
6451.728 0
5805.5552 0
3080.6245 3
2771.562 0
2493.4058 0
96.122272 2
107.91364 2
121.01515 2
135.57239 2
151.7471 2
169.719 2
189.68778 2
211.87531 2
236.52812 1
211.87531 0
189.68778 0
211.87531 2
236.52812 3
211.87531 0
189.68778 0
169.719 0
151.7471 0
59.626823 1
52.664141 0
46.397727 0
40.757954 0
35.682159 0
9.6646713 3
2.9019909 1
1.6117918 0
0.45061259 0
0.0 1
0.45061259 3
0.0 1
0.0 1
0.0 0
0.0 0
0.0 1
0.0 1
0.0 1
0.0 1
0.0 1
-1.0 0
0.0 1
0.0 2
0.0 0
0.0 1
0.0 2
0.0 0
0.0 0
0.0 1
0.0 1
0.0 1
0.0 2
0.0 0
0.0 0
0.0 1
0.0 3
0.0 1
0.0 2
0.0 0
0.0 1
-1.0 0
0.0 1
0.0 1
0.0 1
0.0 1
0.0 1
0.0 2
0.0 0
0.0 1
0.0 2
53139.414 1
65606.561 1
100000.0 3
15000.964 3
5223.9997 1
3424.0272 3
135.57239 1
169.719 1
263.92013 3
169.719 1
135.57239 1
31.113943 1
11.849635 3
1.6117918 3
0.0 0
0.0 0
0.0 0
0.0 0
0.0 0
0.0 0
0.0 0
0.0 0
0.0 0
0.0 0
0.0 0
0.0 0
47824.473 1
59044.905 1
0.0 0
16668.849 3
15000.964 0
13499.868 0
2017.7587 2
2243.0652 2
2493.4058 3
4700.5997 1
3805.5858 3
3424.0272 0
3080.6245 0
1067.6341 2
1187.3712 2
1320.4125 3
121.01515 1
96.122272 2
107.91364 2
121.01515 2
135.57239 2
151.7471 1
294.3557 3
151.7471 1
121.01515 1
107.91364 0
96.122272 0
46.397727 3
35.682159 3
14.277372 3
2.9019909 2
4.3355454 2
5.9283838 3
2.9019909 3
1.6117918 0
0.45061259 0
0.0 0
0.0 1
0.0 1
0.0 0
0.0 1
0.0 1
0.0 1
0.0 2
0.0 0
0.0 1
0.0 1
0.0 1
0.0 2
0.0 0
0.0 0
0.0 1
0.0 1
0.0 0
0.0 1
-1.0 0
0.0 1
0.0 1
0.0 1
0.0 1
0.0 1
0.0 3
0.0 1
-1.0 0
0.0 1
0.0 2
0.0 0
0.0 0
0.0 0
0.0 1
0.0 1
0.0 0
53139.414 1
18522.055 3
2243.0652 3
2771.562 3
4229.5397 1
4229.5397 3
1468.2361 3
328.17301 3
85.510045 1
52.664141 3
40.757954 3
16.974858 3
7.6982042 3
4.3355454 3
0.0 0
0.0 0
0.0 0
0.0 0
0.0 0
0.0 0
0.0 0
0.0 0
0.0 0
0.0 0
0.0 0
0.0 0
0.0 0
16668.849 3
47824.473 1
43041.026 0
38735.923 0
20581.172 3
16668.849 3
2493.4058 2
2771.562 2
3080.6245 2
3424.0272 2
3805.5858 1
4229.5397 2
4700.5997 3
4229.5397 0
3805.5858 0
2017.7587 3
1814.9828 0
1632.4846 0
1468.2361 0
1320.4125 0
1187.3712 0
1067.6341 0
959.87071 0
862.88364 0
775.59527 0
697.03575 0
365.74778 3
46.397727 2
52.664141 2
59.626823 2
67.363137 2
75.959041 1
67.363137 0
59.626823 0
52.664141 0
46.397727 0
19.972064 3
16.974858 0
14.277372 0
11.849635 0
9.6646713 0
7.6982042 0
5.9283838 0
0.45061259 3
0.0 1
0.0 1
0.0 0
0.0 1
0.0 1
0.0 1
0.0 1
0.0 1
0.0 2
0.0 0
0.0 1
0.0 1
0.0 0
0.0 1
0.0 2
0.0 0
0.0 0
0.0 1
0.0 3
0.0 1
0.0 3
0.0 1
0.0 2
0.0 0
0.0 1
0.0 1
0.0 0
0.0 0
0.0 0
0.0 1
0.0 3
0.0 1
0.0 1
0.0 0
0.0 1
0.0 2
18522.055 3
43041.026 1
34861.331 1
22869.08 3
18522.055 3
4229.5397 3
5223.9997 3
2243.0652 3
1468.2361 3
775.59527 1
626.33217 1
407.49754 3
365.74778 0
40.757954 1
23.302294 3
4.3355454 1
2.9019909 0
1.6117918 0
0.0 0
0.0 0
0.0 0
0.0 0
0.0 0
0.0 0
0.0 0
0.0 0
0.0 0
0.0 0
0.0 0
0.0 0
20581.172 3
38735.923 1
31374.198 1
28235.778 0
25411.2 0
22869.08 0
20581.172 0
18522.055 0
16668.849 0
3805.5858 2
4229.5397 2
4700.5997 2
5223.9997 2
5805.5552 3
5223.9997 0
4700.5997 0
2493.4058 3
2243.0652 0
2017.7587 0
1814.9828 0
1632.4846 0
562.69895 2
626.33217 2
697.03575 1
626.33217 0
562.69895 0
505.42906 0
453.88615 0
189.68778 3
14.277372 2
16.974858 2
19.972064 2
23.302294 2
27.002548 2
31.113943 2
35.682159 1
31.113943 0
27.002548 0
0.0 0
0.45061259 2
1.6117918 2
2.9019909 1
0.45061259 1
0.0 1
0.0 1
0.0 0
0.0 0
0.0 0
0.0 1
0.0 3
0.0 1
-1.0 0
0.0 1
0.0 2
0.0 0
0.0 1
0.0 3
0.0 1
-1.0 0
0.0 1
0.0 1
0.0 1
0.0 1
0.0 1
0.0 1
0.0 0
0.0 0
0.0 1
0.0 3
0.0 1
0.0 3
0.0 1
0.0 2
0.0 0
0.0 1
0.0 1
0.0 0
0.0 1
-1.0 0
0.0 1
0.0 1
22869.08 3
34861.331 1
22869.08 1
15000.964 1
6451.728 3
2771.562 3
1468.2361 1
1320.4125 0
505.42906 1
211.87531 3
16.974858 1
31.113943 1
23.302294 1
0.0 0
0.0 0
1.6117918 1
0.0 0
0.0 0
0.0 0
0.0 0
0.0 0
0.0 0
0.0 0
0.0 0
0.0 0
0.0 0
0.0 0
0.0 0
0.0 0
0.0 0
0.0 0
25411.2 2
28235.778 2
31374.198 1
28235.778 0
25411.2 0
20581.172 1
10932.993 3
13499.868 1
12148.881 0
10932.993 0
9838.6938 0
8853.8244 0
7967.442 0
7169.6978 0
3805.5858 3
3424.0272 0
3080.6245 0
2771.562 0
2493.4058 0
1320.4125 1
697.03575 3
562.69895 3
453.88615 1
189.68778 2
211.87531 2
236.52812 3
211.87531 0
189.68778 0
14.277372 1
9.6646713 3
27.002548 1
19.972064 1
0.0 0
0.0 1
0.0 3
0.0 1
0.45061259 1
0.0 1
-1.0 0
0.0 1
0.0 1
0.0 1
0.0 3
0.0 1
-1.0 0
0.0 1
0.0 3
0.0 1
0.0 1
0.0 0
0.0 0
0.0 0
0.0 1
0.0 1
0.0 0
0.0 0
0.0 0
0.0 0
0.0 1
0.0 1
0.0 1
0.0 2
0.0 0
0.0 0
0.0 1
-1.0 0
0.0 1
0.0 2
0.0 0
0.0 3
0.0 1
0.0 0
0.0 1
0.0 2
22869.08 1
22869.08 1
18522.055 1
12148.881 3
7967.442 1
4229.5397 3
1187.3712 1
775.59527 3
697.03575 0
626.33217 0
407.49754 1
263.92013 3
11.849635 1
11.849635 3
23.302294 1
0.0 0
0.0 0
0.0 0
0.0 0
0.0 0
0.0 0
0.0 0
0.0 1
0.0 0
0.0 0
0.0 2
0.0 0
0.0 0
0.0 0
0.0 0
0.0 2
20581.172 1
18522.055 0
16668.849 0
18522.055 2
20581.172 1
18522.055 0
16668.849 0
15000.964 0
13499.868 0
12148.881 0
10932.993 0
9838.6938 0
8853.8244 0
7967.442 0
7169.6978 0
6451.728 0
5805.5552 0
5223.9997 0
4700.5997 0
2493.4058 3
862.88364 2
959.87071 2
1067.6341 1
959.87071 0
862.88364 0
562.69895 1
505.42906 0
453.88615 0
407.49754 0
365.74778 0
328.17301 0
294.3557 0
263.92013 0
236.52812 0
9.6646713 1
14.277372 2
16.974858 2
19.972064 1
0.0 0
0.0 0
0.0 1
0.0 1
0.0 0
0.0 0
0.0 1
0.0 1
0.0 3
0.0 1
0.0 1
-1.0 0
0.0 1
0.0 1
0.0 0
0.0 0
0.0 0
0.0 1
0.0 1
0.0 0
0.0 1
0.0 2
0.0 0
0.0 0
0.0 0
0.0 1
0.0 2
0.0 0
0.0 0
0.0 1
0.0 1
0.0 1
-1.0 0
0.0 1
0.0 2
0.0 0
0.0 1
0.0 1
0.0 0
0.0 0
16668.849 1
18522.055 1
12148.881 1
9838.6938 1
6451.728 1
4229.5397 1
2771.562 3
775.59527 1
959.87071 1
407.49754 1
11.849635 1
0.0 0
0.0 0
0.0 0
0.0 0
0.0 0
0.0 0
0.0 0
0.0 0
0.0 0
0.0 0
0.0 0
0.0 0
0.0 0
0.0 0
0.0 0
0.0 0
0.0 0
0.0 0
13499.868 2
15000.964 1
13499.868 0
15000.964 2
16668.849 1
8853.8244 2
9838.6938 2
10932.993 1
8853.8244 1
4700.5997 2
5223.9997 2
5805.5552 1
5223.9997 0
4700.5997 0
3805.5858 1
3424.0272 0
3080.6245 0
697.03575 1
862.88364 1
453.88615 3
407.49754 0
365.74778 0
328.17301 0
365.74778 1
328.17301 0
294.3557 0
2.9019909 2
4.3355454 2
5.9283838 3
4.3355454 0
2.9019909 0
14.277372 3
0.0 0
0.0 1
0.0 3
0.0 1
0.0 1
0.0 1
-1.0 0
0.0 1
0.0 3
0.0 1
0.0 2
0.0 0
0.0 0
0.0 1
0.0 2
0.0 0
0.0 1
0.0 1
0.0 1
0.0 2
0.0 0
0.0 1
0.0 1
0.0 0
0.0 0
0.0 1
0.0 3
0.0 1
0.0 2
0.0 0
0.0 0
0.0 0
0.0 1
0.0 1
0.0 1
-1.0 0
0.0 1
0.0 2
0.0 0
0.0 1
0.0 3
0.0 1
0.0 1
0.0 1
-1.0 0
0.0 1
0.0 2
12148.881 1
7169.6978 2
7967.442 1
9838.6938 1
7967.442 1
4229.5397 1
3424.0272 1
775.59527 3
775.59527 1
505.42906 3
328.17301 1
263.92013 1
7.6982042 3
16.974858 3
0.0 0
0.0 0
0.0 0
0.0 0
0.0 0
0.0 0
0.0 0
0.0 0
0.0 0
0.0 0
0.0 0
0.0 0
0.0 0
0.0 0
8853.8244 2
9838.6938 2
10932.993 1
9838.6938 0
8853.8244 0
7169.6978 1
8853.8244 1
7967.442 0
7169.6978 0
6451.728 0
5805.5552 0
5223.9997 0
4700.5997 0
3805.5858 1
3424.0272 0
3080.6245 0
697.03575 2
775.59527 2
862.88364 3
775.59527 0
697.03575 0
626.33217 0
562.69895 0
505.42906 0
453.88615 0
407.49754 0
365.74778 0
236.52812 1
211.87531 0
189.68778 0
9.6646713 2
11.849635 2
14.277372 2
16.974858 2
19.972064 2
23.302294 2
27.002548 3
2.9019909 3
1.6117918 0
0.45061259 0
0.0 1
0.0 2
0.0 0
0.0 0
0.0 0
0.0 0
0.0 0
0.0 1
0.0 1
0.0 1
-1.0 0
0.0 1
0.0 1
0.0 1
0.0 2
0.0 0
0.0 1
0.0 2
0.0 0
0.0 1
0.0 1
0.0 0
0.0 1
-1.0 0
0.0 1
0.0 1
0.0 0
0.0 1
0.0 1
0.0 1
0.0 2
0.0 0
0.0 1
0.0 2
0.0 0
0.0 1
0.0 1
0.0 0
0.0 0
7967.442 1
6451.728 1
4229.5397 1
3424.0272 1
959.87071 3
697.03575 3
407.49754 3
211.87531 1
31.113943 3
4.3355454 3
0.0 0
0.0 0
0.0 0
0.0 0
0.0 0
0.0 0
0.0 0
0.0 0
0.0 0
0.0 0
0.0 0
0.0 0
0.0 0
0.0 0
0.0 0
3080.6245 2
3424.0272 2
3805.5858 2
4229.5397 2
4700.5997 2
5223.9997 2
5805.5552 2
6451.728 2
7169.6978 1
5805.5552 1
3080.6245 2
3424.0272 2
3805.5858 1
3080.6245 1
1067.6341 2
1187.3712 2
1320.4125 3
1067.6341 3
959.87071 0
862.88364 0
775.59527 0
697.03575 0
562.69895 3
505.42906 0
453.88615 0
189.68778 1
169.719 0
151.7471 0
135.57239 0
121.01515 0
107.91364 0
96.122272 0
46.397727 3
40.757954 0
35.682159 0
5.9283838 3
0.0 0
0.0 1
0.0 1
0.0 1
0.0 3
0.0 1
0.0 2
0.0 0
0.0 1
0.0 3
0.0 1
0.0 2
0.0 0
0.0 1
0.0 3
0.0 1
-1.0 0
0.0 1
0.0 1
0.0 0
0.0 1
-1.0 0
0.0 1
0.0 2
0.0 0
0.0 1
0.0 1
0.0 1
0.0 2
0.0 0
0.0 0
0.0 1
0.0 2
0.0 0
0.0 1
0.0 1
0.0 0
0.0 1
0.0 2
0.0 0
0.0 1
0.0 1
0.0 1
0.0 2
3080.6245 1
4229.5397 1
5223.9997 1
3424.0272 1
2771.562 1
1468.2361 3
1187.3712 3
626.33217 3
85.510045 1
52.664141 3
7.6982042 3
0.45061259 3
0.0 0
0.0 0
0.0 0
0.0 0
0.0 0
0.0 0
0.0 0
0.0 0
0.0 0
0.0 0
0.0 0
0.0 0
0.0 0
2493.4058 2
2771.562 1
2493.4058 0
3805.5858 1
4229.5397 2
4700.5997 1
4229.5397 0
3805.5858 0
3424.0272 0
3080.6245 0
2771.562 0
2493.4058 0
3080.6245 1
2771.562 0
2493.4058 0
2243.0652 0
2017.7587 0
1814.9828 0
1632.4846 0
1468.2361 0
1320.4125 0
1187.3712 0
1067.6341 0
959.87071 0
862.88364 0
775.59527 0
697.03575 0
27.002548 2
31.113943 2
35.682159 2
40.757954 2
46.397727 2
52.664141 2
59.626823 2
67.363137 2
75.959041 1
67.363137 0
59.626823 0
14.277372 3
9.6646713 3
7.6982042 0
5.9283838 0
4.3355454 0
2.9019909 0
1.6117918 0
0.45061259 0
0.0 1
0.0 3
0.0 1
0.0 2
0.0 0
0.0 1
0.0 1
0.0 1
0.0 1
0.0 1
0.0 1
0.0 1
-1.0 0
0.0 1
0.0 1
0.0 1
0.0 1
0.0 0
0.0 0
0.0 0
0.0 1
0.0 1
0.0 0
0.0 0
0.0 1
0.0 1
0.0 1
0.0 2
0.0 0
0.0 1
0.0 1
0.0 1
0.0 2
0.0 0
0.0 0
0.0 1
0.0 2
0.0 0
2243.0652 1
2243.0652 1
3424.0272 1
2771.562 1
2243.0652 1
2771.562 1
1468.2361 1
1187.3712 1
775.59527 1
626.33217 1
46.397727 1
67.363137 1
52.664141 1
16.974858 3
11.849635 3
0.0 0
0.0 0
0.0 0
0.0 0
0.0 0
0.0 0
0.0 0
0.0 0
0.0 0
0.0 0
0.0 0
0.0 0
0.0 0
0.0 0
2017.7587 1
2017.7587 1
1067.6341 3
862.88364 3
3080.6245 1
2493.4058 1
2017.7587 1
2243.0652 2
2493.4058 1
562.69895 3
453.88615 3
1320.4125 1
1067.6341 1
365.74778 3
697.03575 1
562.69895 1
505.42906 0
453.88615 0
27.002548 2
31.113943 2
35.682159 2
40.757954 1
46.397727 2
52.664141 2
59.626823 1
52.664141 0
46.397727 0
19.972064 3
16.974858 0
14.277372 0
11.849635 0
9.6646713 0
0.0 0
0.0 1
0.0 1
0.0 1
0.0 1
0.0 0
0.0 1
0.0 1
0.0 1
0.0 2
0.0 0
0.0 0
0.0 0
0.0 0
0.0 1
0.0 2
0.0 0
0.0 0
0.0 1
0.0 1
0.0 0
0.0 1
0.0 3
0.0 1
0.0 1
0.0 0
0.0 0
0.0 1
-1.0 0
0.0 1
0.0 1
0.0 1
0.0 3
0.0 1
-1.0 0
0.0 1
0.0 3
0.0 1
0.0 1
0.0 0
1814.9828 1
1814.9828 1
1187.3712 3
959.87071 3
2243.0652 1
626.33217 3
505.42906 3
1187.3712 1
407.49754 3
626.33217 1
505.42906 1
40.757954 1
40.757954 1
23.302294 3
7.6982042 1
0.0 0
0.0 0
0.0 0
0.0 0
0.0 0
0.0 0
0.0 0
0.0 0
0.0 0
0.0 0
0.0 0
0.0 0
0.0 0
1632.4846 1
1468.2361 0
1632.4846 1
1468.2361 0
1320.4125 0
1187.3712 0
1067.6341 0
959.87071 0
862.88364 0
2017.7587 1
1814.9828 0
1632.4846 0
562.69895 2
626.33217 2
697.03575 3
626.33217 0
562.69895 0
1067.6341 1
365.74778 2
407.49754 2
453.88615 2
505.42906 2
562.69895 1
453.88615 1
236.52812 3
211.87531 0
189.68778 0
169.719 0
151.7471 0
35.682159 1
5.9283838 3
35.682159 1
31.113943 0
27.002548 0
23.302294 0
19.972064 0
5.9283838 1
0.0 0
0.0 1
0.0 2
0.0 0
0.0 1
-1.0 0
0.0 1
0.0 1
0.0 0
0.0 0
0.0 0
0.0 1
-1.0 0
0.0 1
0.0 1
0.0 1
0.0 3
0.0 1
0.0 2
0.0 0
0.0 0
0.0 0
0.0 1
0.0 1
0.0 0
0.0 0
0.0 0
0.0 0
0.0 0
0.0 1
0.0 1
0.0 1
-1.0 0
0.0 1
0.0 1
0.0 1
0.0 1
0.0 1
0.0 2
1468.2361 1
1468.2361 1
1187.3712 1
775.59527 1
1468.2361 1
775.59527 3
505.42906 1
407.49754 1
263.92013 3
211.87531 3
7.6982042 3
23.302294 1
16.974858 1
7.6982042 3
0.0 0
0.0 0
0.0 0
0.0 0
0.0 0
0.0 0
0.0 0
0.0 0
0.0 0
0.0 0
0.0 0
0.0 1
0.0 2
0.0 0
0.0 0
0.0 0
0.0 0
0.0 0
1320.4125 1
1320.4125 1
1187.3712 0
1067.6341 0
959.87071 0
862.88364 0
862.88364 2
959.87071 2
1067.6341 2
1187.3712 2
1320.4125 1
1187.3712 0
1067.6341 0
959.87071 0
862.88364 0
775.59527 0
697.03575 0
151.7471 2
169.719 2
189.68778 2
211.87531 2
236.52812 3
453.88615 1
365.74778 1
328.17301 0
294.3557 0
263.92013 0
236.52812 0
211.87531 0
189.68778 0
5.9283838 2
7.6982042 2
9.6646713 2
11.849635 2
14.277372 2
16.974858 2
19.972064 1
14.277372 1
11.849635 0
9.6646713 0
0.0 0
0.0 0
0.0 1
0.0 1
0.0 0
0.0 0
0.0 1
0.0 2
0.0 0
0.0 1
0.0 1
0.0 0
0.0 0
0.0 1
0.0 1
0.0 0
0.0 1
-1.0 0
0.0 1
0.0 2
0.0 0
0.0 1
0.0 1
0.0 1
0.0 2
0.0 0
0.0 1
0.0 2
0.0 0
0.0 0
0.0 0
0.0 0
0.0 0
0.0 0
0.0 0
959.87071 1
775.59527 1
775.59527 1
959.87071 1
775.59527 1
626.33217 1
263.92013 3
407.49754 1
328.17301 1
4.3355454 1
16.974858 1
7.6982042 1
0.0 0
0.0 0
0.0 0
0.0 0
0.0 0
0.0 0
0.0 1
0.0 0
0.0 0
0.0 0
0.0 0
0.0 0
0.0 0
0.0 0
0.0 0
0.0 0
0.0 0
0.0 0
0.0 0
0.0 0
0.0 2
0.0 0
75.959041 3
96.122272 3
862.88364 1
697.03575 1
626.33217 0
697.03575 1
862.88364 1
294.3557 3
562.69895 2
626.33217 2
697.03575 1
562.69895 1
189.68778 2
211.87531 2
236.52812 2
263.92013 2
294.3557 2
328.17301 2
365.74778 1
328.17301 0
294.3557 0
263.92013 0
236.52812 0
75.959041 3
0.45061259 2
1.6117918 2
2.9019909 1
9.6646713 3
14.277372 3
11.849635 0
14.277372 1
2.9019909 2
4.3355454 2
5.9283838 1
0.0 0
0.0 0
0.0 1
0.0 3
0.0 1
-1.0 0
0.0 1
0.0 1
0.0 1
0.0 3
0.0 1
0.0 1
0.0 0
0.0 0
0.0 1
-1.0 0
0.0 1
0.0 1
0.0 3
0.0 1
0.0 1
0.0 2
0.0 0
0.0 1
0.0 2
0.0 0
0.0 0
0.0 1
0.0 1
0.0 0
0.0 1
-1.0 0
0.0 1
-1.0 0
0.0 1
0.0 3
0.0 1
0.0 2
0.0 0
0.0 0
0.0 1
0.0 2
85.510045 3
107.91364 3
328.17301 3
626.33217 1
505.42906 1
453.88615 0
263.92013 1
328.17301 1
263.92013 1
85.510045 3
11.849635 3
16.974858 3
4.3355454 1
0.0 0
0.0 0
0.0 0
0.0 0
0.0 0
0.0 0
0.0 0
0.0 0
0.0 0
0.0 0
0.0 0
0.0 0
0.0 0
0.0 0
96.122272 2
107.91364 2
121.01515 2
135.57239 2
151.7471 2
169.719 2
189.68778 2
211.87531 2
236.52812 2
263.92013 2
294.3557 2
328.17301 2
365.74778 2
407.49754 2
453.88615 2
505.42906 2
562.69895 1
453.88615 1
151.7471 2
169.719 2
189.68778 2
211.87531 2
236.52812 1
263.92013 2
294.3557 1
263.92013 0
236.52812 0
121.01515 3
96.122272 3
85.510045 0
75.959041 0
9.6646713 2
11.849635 2
14.277372 2
16.974858 2
19.972064 3
14.277372 3
11.849635 0
9.6646713 0
2.9019909 1
1.6117918 0
0.45061259 0
0.0 0
0.0 0
0.0 1
0.0 3
0.0 1
0.0 1
0.0 0
0.0 1
-1.0 0
0.0 1
0.0 3
0.0 1
-1.0 0
0.0 1
0.0 3
0.0 1
0.0 1
0.0 1
0.0 1
0.0 0
0.0 1
0.0 1
0.0 1
0.0 2
0.0 0
0.0 0
0.0 1
0.0 1
0.0 0
0.0 0
0.0 0
0.0 0
0.0 1
-1.0 0
0.0 1
-1.0 0
0.0 1
0.0 1
0.0 1
0.0 2
107.91364 1
211.87531 1
328.17301 1
505.42906 1
407.49754 1
263.92013 1
211.87531 1
135.57239 3
107.91364 3
23.302294 3
16.974858 3
0.0 0
0.0 0
0.0 0
0.0 0
0.0 0
0.0 0
0.0 0
0.0 0
0.0 0
0.0 0
0.0 0
0.0 0
0.0 0
75.959041 2
85.510045 2
96.122272 1
85.510045 0
75.959041 0
151.7471 2
169.719 2
189.68778 1
211.87531 2
236.52812 2
263.92013 2
294.3557 1
365.74778 2
407.49754 2
453.88615 1
407.49754 0
365.74778 0
328.17301 0
294.3557 0
263.92013 0
236.52812 0
211.87531 0
189.68778 0
211.87531 2
236.52812 1
211.87531 0
189.68778 0
169.719 0
151.7471 0
135.57239 0
121.01515 0
107.91364 0
96.122272 0
85.510045 0
75.959041 0
35.682159 3
27.002548 3
23.302294 0
19.972064 0
14.277372 3
9.6646713 3
0.0 0
0.0 1
0.0 3
0.0 1
0.0 1
0.0 1
0.0 1
0.0 0
0.0 1
0.0 1
0.0 1
0.0 2
0.0 0
0.0 1
-1.0 0
0.0 1
0.0 1
0.0 0
0.0 1
0.0 3
0.0 1
0.0 1
0.0 0
0.0 1
0.0 1
0.0 0
0.0 1
0.0 1
0.0 0
0.0 1
0.0 1
0.0 0
0.0 1
0.0 1
0.0 1
0.0 1
0.0 0
0.0 0
0.0 1
-1.0 0
0.0 1
0.0 1
135.57239 1
169.719 1
328.17301 1
407.49754 1
328.17301 1
169.719 1
189.68778 1
107.91364 1
85.510045 1
40.757954 3
31.113943 3
23.302294 3
16.974858 3
11.849635 3
0.0 0
0.0 0
0.0 0
0.0 0
0.0 0
0.0 0
0.0 0
0.0 0
0.0 0
0.0 2
0.0 0
0.0 0
0.0 0
0.0 0
0.0 0
0.0 0
27.002548 3
19.972064 3
121.01515 1
151.7471 1
135.57239 0
121.01515 0
35.682159 3
294.3557 1
365.74778 1
294.3557 1
59.626823 2
67.363137 2
75.959041 3
151.7471 1
5.9283838 3
9.6646713 3
75.959041 2
85.510045 2
96.122272 1
85.510045 0
75.959041 0
67.363137 0
59.626823 0
52.664141 0
46.397727 0
40.757954 0
35.682159 0
31.113943 0
27.002548 0
23.302294 0
19.972064 0
16.974858 0
14.277372 0
0.0 0
0.0 1
0.0 1
0.0 0
0.0 0
0.0 1
0.0 1
0.0 0
0.0 0
0.0 1
0.0 1
0.0 0
0.0 0
0.0 0
0.0 1
0.0 1
0.0 1
0.0 2
0.0 0
0.0 1
0.0 1
0.0 1
-1.0 0
0.0 1
0.0 1
0.0 0
0.0 0
0.0 1
0.0 1
0.0 0
0.0 1
-1.0 0
0.0 1
-1.0 0
0.0 1
0.0 1
0.0 1
0.0 2
0.0 0
0.0 0
31.113943 3
23.302294 3
107.91364 1
135.57239 1
107.91364 1
40.757954 3
263.92013 1
85.510045 3
7.6982042 3
11.849635 3
85.510045 1
67.363137 1
40.757954 1
23.302294 1
16.974858 1
11.849635 1
0.0 0
0.0 0
0.0 0
0.0 0
0.0 0
0.0 0
0.0 0
0.0 0
0.0 0
0.0 0
0.0 0
0.0 2
0.0 0
0.0 0
0.0 0
0.0 0
0.0 0
0.0 0
0.0 0
35.682159 3
31.113943 0
27.002548 0
96.122272 1
121.01515 1
96.122272 1
46.397727 2
52.664141 2
59.626823 3
46.397727 3
236.52812 1
121.01515 3
96.122272 3
85.510045 0
75.959041 0
9.6646713 2
11.849635 2
14.277372 2
16.974858 2
19.972064 3
75.959041 1
59.626823 1
52.664141 0
46.397727 0
35.682159 1
31.113943 0
27.002548 0
23.302294 0
19.972064 0
14.277372 1
9.6646713 1
0.0 0
0.0 0
0.0 0
0.0 0
0.0 1
0.0 1
0.0 0
0.0 1
0.0 2
0.0 0
0.0 0
0.0 0
0.0 1
0.0 1
0.0 0
0.0 1
0.0 3
0.0 1
0.0 2
0.0 0
0.0 0
0.0 1
0.0 1
0.0 0
0.0 0
0.0 0
0.0 0
0.0 0
0.0 0
0.0 0
0.0 0
0.0 0
0.0 0
40.757954 3
85.510045 1
107.91364 1
85.510045 1
67.363137 3
52.664141 3
211.87531 1
135.57239 3
107.91364 3
16.974858 3
23.302294 3
67.363137 1
52.664141 1
0.0 0
16.974858 1
7.6982042 1
0.0 0
0.0 0
0.0 0
0.0 0
0.0 0
0.0 0
0.0 0
0.0 0
0.0 0
0.0 0
0.0 0
0.0 0
0.0 0
0.0 0
0.0 0
0.0 0
0.0 0
0.0 0
46.397727 2
52.664141 2
59.626823 2
67.363137 2
75.959041 1
85.510045 2
96.122272 1
85.510045 0
75.959041 0
59.626823 3
75.959041 3
67.363137 0
59.626823 0
189.68778 1
169.719 0
151.7471 0
135.57239 0
121.01515 0
107.91364 0
96.122272 0
14.277372 2
16.974858 2
19.972064 3
27.002548 3
59.626823 1
46.397727 1
0.0 0
0.0 3
0.0 1
0.0 0
14.277372 1
0.0 0
5.9283838 1
0.0 0
0.0 1
-1.0 0
0.0 1
0.0 2
0.0 0
0.0 1
-1.0 0
0.0 1
0.0 1
0.0 1
-1.0 0
0.0 1
0.0 1
0.0 0
0.0 1
0.0 2
0.0 0
0.0 0
0.0 0
0.0 0
0.0 0
0.0 0
0.0 0
0.0 1
0.0 3
0.0 1
0.0 3
0.0 1
0.0 3
0.0 1
-1.0 0
0.0 1
0.0 1
0.0 1
0.0 1
0.0 0
0.0 1
-1.0 0
0.0 1
0.0 2
0.0 0
52.664141 1
85.510045 1
67.363137 1
67.363137 3
85.510045 3
169.719 1
85.510045 1
23.302294 3
31.113943 3
52.664141 1
0.0 0
0.0 0
0.0 0
4.3355454 1
0.0 0
0.0 0
0.0 0
0.0 0
0.0 0
0.0 0
0.0 0
0.0 0
0.0 0
0.0 0
0.0 0
0.0 0
0.0 0
0.0 0
0.0 0
35.682159 2
40.757954 2
46.397727 1
40.757954 0
35.682159 0
75.959041 1
67.363137 0
59.626823 0
67.363137 2
75.959041 2
85.510045 2
96.122272 2
107.91364 2
121.01515 2
135.57239 2
151.7471 1
135.57239 0
121.01515 0
107.91364 0
96.122272 0
85.510045 0
75.959041 0
35.682159 3
27.002548 3
35.682159 2
40.757954 2
46.397727 1
19.972064 3
14.277372 3
0.0 0
0.0 1
0.0 3
0.0 1
0.0 1
0.0 1
0.45061259 2
1.6117918 2
2.9019909 1
1.6117918 0
0.45061259 0
0.0 1
0.0 3
0.0 1
0.0 1
0.0 1
0.0 2
0.0 0
0.0 1
0.0 1
0.0 1
0.0 2
0.0 0
0.0 1
0.0 1
0.0 0
0.0 0
0.0 1
0.0 2
0.0 0
0.0 1
0.0 1
0.0 0
0.0 0
0.0 0
0.0 0
0.0 0
0.0 1
0.0 1
0.0 1
0.0 2
0.0 0
0.0 1
0.0 1
0.0 1
0.0 2
0.0 0
0.0 0
0.0 0
35.682159 1
67.363137 1
107.91364 1
135.57239 1
67.363137 1
40.757954 3
31.113943 3
40.757954 1
23.302294 3
16.974858 3
0.0 0
1.6117918 1
0.0 0
0.0 0
0.0 0
0.0 0
0.0 0
0.0 0
0.0 0
0.0 0
0.0 0
0.0 0
0.0 0
0.0 0
0.0 0
0.0 0
0.0 0
0.0 0
0.0 0
0.0 0
0.45061259 3
5.9283838 3
9.6646713 3
27.002548 2
31.113943 2
35.682159 2
40.757954 2
46.397727 2
52.664141 2
59.626823 1
75.959041 2
85.510045 2
96.122272 1
121.01515 1
35.682159 2
40.757954 2
46.397727 2
52.664141 2
59.626823 1
52.664141 0
46.397727 0
40.757954 0
35.682159 0
31.113943 0
27.002548 0
31.113943 2
35.682159 1
31.113943 0
27.002548 0
23.302294 0
19.972064 0
16.974858 0
14.277372 0
11.849635 0
9.6646713 0
7.6982042 0
5.9283838 0
0.0 0
0.0 1
0.45061259 1
0.0 1
0.0 1
0.0 0
0.0 1
0.0 2
0.0 0
0.0 1
0.0 1
0.0 0
0.0 1
0.0 3
0.0 1
-1.0 0
0.0 1
0.0 1
0.0 1
-1.0 0
0.0 1
-1.0 0
0.0 1
0.0 3
0.0 1
0.0 1
0.0 1
0.0 3
0.0 1
-1.0 0
0.0 1
-1.0 0
0.0 1
0.0 1
0.0 0
0.0 1
0.0 1
0.0 1
0.0 3
0.0 1
0.0 2
0.0 0
0.0 0
0.0 1
-1.0 0
0.0 1
-1.0 0
0.0 1
0.0 2
1.6117918 3
7.6982042 2
9.6646713 2
11.849635 3
23.302294 1
31.113943 1
40.757954 1
40.757954 1
31.113943 1
23.302294 1
16.974858 1
7.6982042 1
4.3355454 1
0.0 0
0.0 0
0.0 0
0.0 0
0.0 0
0.0 0
0.0 0
0.0 0
0.0 0
0.0 0
0.0 0
0.0 0
0.0 0
2.9019909 2
4.3355454 2
5.9283838 1
14.277372 2
16.974858 2
19.972064 1
23.302294 2
27.002548 1
23.302294 0
19.972064 0
5.9283838 3
4.3355454 0
2.9019909 0
0.0 0
19.972064 2
23.302294 2
27.002548 2
31.113943 2
35.682159 1
31.113943 0
27.002548 0
31.113943 2
35.682159 1
31.113943 0
27.002548 0
0.0 0
27.002548 1
19.972064 1
14.277372 1
2.9019909 2
4.3355454 2
5.9283838 1
2.9019909 1
1.6117918 0
0.45061259 0
0.0 0
0.0 1
0.0 1
0.0 1
0.0 1
0.0 0
0.0 1
0.0 1
0.0 1
0.0 1
0.0 1
0.0 1
0.0 0
0.0 1
0.0 2
0.0 0
0.0 1
0.0 2
0.0 0
0.0 1
0.0 1
0.0 0
0.0 0
0.0 0
0.0 1
-1.0 0
0.0 1
0.0 1
0.0 1
0.0 1
0.0 0
0.0 1
0.0 1
0.0 1
0.0 2
0.0 0
0.0 1
0.0 2
0.0 0
0.0 0
0.0 1
0.0 2
1.6117918 1
16.974858 1
16.974858 1
7.6982042 3
4.3355454 3
0.0 0
27.002548 1
0.0 0
11.849635 1
9.6646713 0
4.3355454 1
0.0 0
0.0 0
0.0 0
0.0 0
0.0 0
0.0 0
0.0 0
0.0 0
0.0 0
0.0 0
0.0 0
0.0 0
0.0 0
0.0 0
0.45061259 1
0.0 1
0.0 1
0.0 0
14.277372 1
11.849635 0
9.6646713 0
11.849635 2
14.277372 1
11.849635 0
9.6646713 0
7.6982042 0
5.9283838 0
0.0 0
0.0 0
0.0 0
0.0 0
0.0 0
0.0 0
0.0 1
0.0 1
0.0 1
0.0 2
2.9019909 2
4.3355454 2
5.9283838 2
7.6982042 2
9.6646713 1
0.0 0
2.9019909 1
1.6117918 0
0.45061259 0
0.0 1
0.0 1
0.0 1
0.0 1
0.0 1
0.0 1
0.0 0
0.0 0
0.0 1
0.0 2
0.0 0
0.0 0
0.0 1
0.0 1
0.0 0
0.0 0
0.0 0
0.0 1
0.0 2
0.0 0
0.0 0
0.0 1
-1.0 0
0.0 1
0.0 1
0.0 1
0.0 2
0.0 0
0.0 1
0.0 2
0.0 0
0.0 1
0.0 1
0.0 0
0.0 1
-1.0 0
0.0 1
0.0 1
0.0 1
0.0 2
0.0 0
0.0 1
0.0 1
0.0 0
0.0 0
4.3355454 1
0.0 0
0.0 0
0.0 0
0.0 0
0.0 0
0.0 0
0.0 0
4.3355454 1
0.0 0
0.0 0
0.0 0
0.0 0
0.0 0
0.0 0
0.0 0
0.0 0
0.0 0
0.0 0
0.0 0
0.0 0
0.0 0
0.0 0
0.0 0
0.0 0
0.0 0
0.0 0
0.0 0
0.0 0
0.0 0
0.0 0
0.0 1
-1.0 0
0.0 1
0.0 1
0.0 0
0.0 0
0.0 1
0.0 1
2.9019909 1
0.0 0
0.0 1
-1.0 0
0.0 1
0.0 2
0.0 0
0.0 1
0.0 2
0.0 0
0.0 1
0.0 3
0.0 1
0.0 3
0.0 1
0.45061259 2
1.6117918 2
2.9019909 1
0.0 0
0.0 1
-1.0 0
0.0 1
0.0 1
0.0 0
0.0 0
0.0 0
0.0 0
0.0 1
-1.0 0
0.0 1
-1.0 0
0.0 1
0.0 1
-1.0 0
0.0 1
0.0 1
0.0 1
0.0 0
0.0 1
0.0 3
0.0 1
0.0 2
0.0 0
0.0 1
0.0 2
0.0 0
0.0 0
0.0 1
0.0 3
0.0 1
0.0 3
0.0 1
0.0 1
0.0 0
0.0 1
0.0 2
0.0 0
0.0 0
0.0 1
0.0 1
0.0 0
0.0 0
0.0 1
0.0 2
0.0 0
0.0 1
0.0 1
0.0 0
0.0 0
0.0 0
0.0 0
0.0 0
1.6117918 1
0.0 0
0.0 0
0.0 0
0.0 0
1.6117918 1
0.0 0
0.0 0
0.0 0
0.0 0
0.0 0
0.0 0
0.0 0
0.0 0
0.0 0
0.0 0
0.0 0
0.0 1
0.0 2
0.0 0
0.0 0
0.0 0
0.0 0
0.0 0
0.0 0
0.0 0
0.0 0
0.0 1
0.0 3
0.0 1
-1.0 0
0.0 1
0.0 1
0.0 1
0.45061259 1
0.0 0
0.0 0
0.0 1
0.0 1
0.0 1
0.0 1
0.0 1
0.0 2
0.0 0
0.0 1
0.0 1
0.0 1
0.0 1
0.0 1
0.0 2
0.45061259 1
0.0 0
0.0 1
-1.0 0
0.0 1
0.0 1
0.0 1
0.0 1
0.0 1
-1.0 0
0.0 1
0.0 1
0.0 0
0.0 0
0.0 1
0.0 2
0.0 0
0.0 0
0.0 0
0.0 1
0.0 1
0.0 1
0.0 1
0.0 0
0.0 1
0.0 1
0.0 1
0.0 1
0.0 0
0.0 1
0.0 2
0.0 0
0.0 1
0.0 1
0.0 0
0.0 1
0.0 1
0.0 1
0.0 2
0.0 0
0.0 1
0.0 2
0.0 0
0.0 1
0.0 2
0.0 0
0.0 1
-1.0 0
0.0 1
-1.0 0
0.0 1
0.0 1
0.0 0
0.0 0
0.0 1
0.0 2
0.0 0
0.0 0
0.0 0
0.0 0
0.0 0
0.0 0
0.0 0
0.0 0
0.0 0
0.0 0
0.0 0
0.0 0
0.0 0
0.0 0
0.0 0
0.0 0
0.0 0
0.0 0
0.0 0
0.0 0
0.0 0
0.0 0
0.0 0
0.0 0
0.0 0
0.0 0
0.0 0
0.0 0
0.0 0
0.0 0
0.0 1
0.0 2
0.0 0
0.0 1
0.0 2
0.0 0
0.0 0
0.0 0
0.0 1
0.0 1
0.0 0
0.0 1
-1.0 0
0.0 1
0.0 2
0.0 0
0.0 0
0.0 1
0.0 2
0.0 0
0.0 1
0.0 1
0.0 1
0.0 1
0.0 1
0.0 1
0.0 0
0.0 0
0.0 0
0.0 1
0.0 3
0.0 1
0.0 2
0.0 0
0.0 0
0.0 1
0.0 2
0.0 0
0.0 1
-1.0 0
0.0 1
0.0 2
0.0 0
0.0 0
0.0 1
0.0 2
0.0 0
0.0 1
-1.0 0
0.0 1
0.0 1
0.0 1
0.0 2
0.0 0
0.0 0
0.0 1
0.0 1
0.0 1
-1.0 0
0.0 1
0.0 2
0.0 0
0.0 1
0.0 3
0.0 1
0.0 1
0.0 0
0.0 1
0.0 2
0.0 0
0.0 0
0.0 0
0.0 0
0.0 0
0.0 0
0.0 0
0.0 0
0.0 0
0.0 0
0.0 0
0.0 0
0.0 0
0.0 0
0.0 0
0.0 0
0.0 0
0.0 0
0.0 0
0.0 0
0.0 1
0.0 2
0.0 0
0.0 0
0.0 0
0.0 0
0.0 0
0.0 0
0.0 0
0.0 0
0.0 0
0.0 0
0.0 0
0.0 0
0.0 0
0.0 0
0.0 0
0.0 0
0.0 0
0.0 0
0.0 0
0.0 1
0.0 2
0.0 0
0.0 1
0.0 1
0.0 0
0.0 0
0.0 1
0.0 1
0.0 0
0.0 0
0.0 1
0.0 3
0.0 1
0.0 1
0.0 0
0.0 1
0.0 2
0.0 0
0.0 1
0.0 1
0.0 1
-1.0 0
0.0 1
-1.0 0
0.0 1
0.0 1
0.0 1
0.0 1
0.0 0
0.0 1
0.0 3
0.0 1
0.0 1
0.0 1
0.0 2
0.0 0
0.0 0
0.0 0
0.0 1
0.0 1
0.0 0
0.0 1
0.0 2
0.0 0
0.0 1
0.0 1
0.0 1
0.0 3
0.0 1
0.0 1
0.0 1
-1.0 0
0.0 1
0.0 3
0.0 1
0.0 1
0.0 1
-1.0 0
0.0 1
0.0 3
0.0 1
0.0 1
0.0 0
0.0 3
0.0 1
0.0 0
0.0 0
0.0 0
0.0 1
-1.0 0
0.0 1
0.0 2
0.0 0
0.0 1
0.0 2
0.0 0
0.0 0
0.0 0
0.0 0
0.0 0
0.0 0
0.0 0
0.0 0
0.0 0
0.0 0
0.0 0
0.0 0
0.0 0
0.0 0
0.0 0
0.0 0
0.0 0
0.0 0
0.0 0
0.0 0
0.0 0
0.0 0
0.0 0
0.0 0
0.0 0
0.0 0
0.0 0
0.0 0
0.0 0
0.0 0
0.0 0
0.0 1
-1.0 0
0.0 1
0.0 2
0.0 0
0.0 1
-1.0 0
0.0 1
0.0 3
0.0 1
-1.0 0
0.0 1
-1.0 0
0.0 1
0.0 2
0.0 0
0.0 0
0.0 1
0.0 1
0.0 1
-1.0 0
0.0 1
0.0 2
0.0 0
0.0 3
0.0 1
0.0 0
0.0 0
0.0 0
0.0 1
0.0 1
0.0 0
0.0 1
0.0 1
0.0 1
0.0 1
0.0 1
0.0 1
0.0 0
0.0 1
0.0 3
0.0 1
-1.0 0
0.0 1
0.0 2
0.0 0
0.0 0
0.0 0
0.0 1
0.0 1
0.0 0
0.0 1
0.0 1
0.0 1
0.0 1
0.0 1
0.0 2
0.0 0
0.0 0
0.0 0
0.0 0
0.0 1
0.0 2
0.0 0
0.0 1
-1.0 0
0.0 1
0.0 3
0.0 1
0.0 3
0.0 1
-1.0 0
0.0 1
0.0 3
0.0 1
0.0 1
0.0 0
0.0 1
0.0 1
0.0 0
0.0 0
0.0 0
0.0 0
0.0 0
0.0 0
0.0 0
0.0 0
0.0 0
0.0 0
0.0 0
0.0 0
0.0 0
0.0 0
0.0 0
0.0 0
0.0 0
0.0 0
0.0 0
0.0 0
0.0 0
0.0 0
0.0 0
0.0 0
0.0 0
0.0 0
0.0 0
0.0 0
0.0 0
0.0 0
0.0 0
0.0 1
0.0 2
0.0 0
0.0 0
0.0 0
0.0 1
0.0 1
0.0 0
0.0 0
0.0 1
0.0 1
0.0 1
0.0 2
0.0 0
0.0 0
0.0 0
0.0 0
0.0 0
0.0 0
0.0 1
0.0 2
0.0 0
0.0 1
0.0 2
0.0 0
0.0 0
0.0 1
0.0 1
0.0 1
-1.0 0
0.0 1
0.0 2
0.0 0
0.0 1
0.0 1
0.0 1
0.0 2
0.0 0
0.0 0
0.0 1
-1.0 0
0.0 1
0.0 2
0.0 0
0.0 1
0.0 1
0.0 0
0.0 0
0.0 0
0.0 1
-1.0 0
0.0 1
0.0 1
0.0 0
0.0 0
0.0 1
0.0 2
0.0 0
0.0 1
0.0 2
0.0 0
0.0 0
0.0 1
0.0 2
0.0 0
0.0 0
0.0 0
0.0 0
0.0 0
0.0 0
0.0 0
0.0 0
0.0 0
0.0 0
0.0 1
0.0 0
0.0 0
0.0 0
0.0 0
0.0 0
0.0 0
0.0 0
0.0 0
0.0 0
0.0 0
0.0 0
0.0 0
0.0 0
0.0 0
0.0 0
0.0 0
0.0 0
0.0 0
0.0 0
0.0 0
0.0 0
0.0 0
0.0 0
0.0 0
0.0 1
-1.0 0
0.0 1
0.0 2
0.0 0
0.0 0
0.0 1
0.0 1
0.0 0
0.0 1
0.0 1
0.0 0
0.0 1
0.0 3
0.0 1
-1.0 0
0.0 1
0.0 1
0.0 1
0.0 2
0.0 0
0.0 1
0.0 3
0.0 1
0.0 2
0.0 0
0.0 0
0.0 1
-1.0 0
0.0 1
0.0 2
0.0 0
0.0 0
0.0 0
0.0 1
0.0 2
0.0 0
0.0 1
0.0 1
0.0 1
0.0 1
0.0 1
-1.0 0
0.0 1
0.0 1
0.0 1
-1.0 0
0.0 1
0.0 1
0.0 0
0.0 1
-1.0 0
0.0 1
0.0 3
0.0 1
0.0 2
0.0 0
0.0 0
0.0 1
0.0 1
0.0 0
0.0 0
0.0 1
0.0 3
0.0 1
0.0 3
0.0 1
0.0 1
0.0 0
0.0 1
0.0 1
0.0 1
-1.0 0
0.0 1
0.0 3
0.0 1
-1.0 0
0.0 1
0.0 3
0.0 1
0.0 2
0.0 0
0.0 0
0.0 0
0.0 0
0.0 0
0.0 0
0.0 0
0.0 0
0.0 0
0.0 0
0.0 0
0.0 0
0.0 0
0.0 1
0.0 2
0.0 0
0.0 0
0.0 0
0.0 0
0.0 0
0.0 0
0.0 0
0.0 0
0.0 0
0.0 0
0.0 0
0.0 0
0.0 0
0.0 0
0.0 0
0.0 0
0.0 0
0.0 1
-1.0 0
0.0 1
0.0 2
0.0 0
0.0 0
0.0 0
0.0 1
0.0 1
0.0 1
-1.0 0
0.0 1
0.0 1
0.0 1
0.0 1
0.0 1
0.0 2
0.0 0
0.0 1
-1.0 0
0.0 1
0.0 2
0.0 0
0.0 0
0.0 1
0.0 2
0.0 0
0.0 0
0.0 1
0.0 1
0.0 1
0.0 2
0.0 0
0.0 1
0.0 3
0.0 1
0.0 1
0.0 0
0.0 0
0.0 0
0.0 1
0.0 2
0.0 0
0.0 1
0.0 2
0.0 0
0.0 1
0.0 1
0.0 0
0.0 0
0.0 1
0.0 3
0.0 1
-1.0 0
0.0 1
0.0 3
0.0 1
0.0 1
0.0 1
-1.0 0
0.0 1
0.0 1
0.0 1
0.0 1
0.0 1
0.0 1
0.0 1
0.0 2
0.0 0
0.0 1
0.0 1
0.0 1
0.0 2
0.0 0
0.0 1
0.0 3
0.0 1
0.0 1
0.0 0
0.0 0
0.0 0
0.0 0
0.0 0
0.0 0
0.0 0
0.0 0
0.0 0
0.0 0
0.0 2
0.0 0
0.0 0
0.0 0
0.0 0
0.0 0
0.0 0
0.0 0
0.0 0
0.0 0
0.0 0
0.0 0
0.0 0
0.0 0
0.0 0
0.0 0
0.0 0
0.0 0
0.0 0
0.0 1
0.0 3
0.0 1
0.0 1
0.0 1
0.0 3
0.0 1
-1.0 0
0.0 1
0.0 1
0.0 0
0.0 0
0.0 0
0.0 0
0.0 0
0.0 1
0.0 1
0.0 0
0.0 0
0.0 0
0.0 0
0.0 1
0.0 3
0.0 1
0.0 1
0.0 1
0.0 1
0.0 0
0.0 0
0.0 0
0.0 1
0.0 1
0.0 1
0.0 1
0.0 0
0.0 1
0.0 1
0.0 1
0.0 1
0.0 0
0.0 0
0.0 1
0.0 3
0.0 1
0.0 1
0.0 0
0.0 1
0.0 3
0.0 1
0.0 3
0.0 1
0.0 1
0.0 1
0.0 2
0.0 0
0.0 1
0.0 2
0.0 0
0.0 0
0.0 0
0.0 0
0.0 0
0.0 1
0.0 1
0.0 1
0.0 1
0.0 1
-1.0 0
0.0 1
0.0 1
0.0 0
0.0 0
0.0 0
0.0 0
0.0 0
0.0 0
0.0 0
0.0 0
0.0 0
0.0 0
0.0 0
0.0 0
0.0 0
0.0 0
0.0 0
0.0 0
0.0 0
0.0 0
0.0 0
0.0 0
0.0 0
0.0 0
0.0 0
0.0 0
0.0 0
0.0 0
0.0 0
0.0 1
0.0 2
0.0 0
0.0 0
0.0 0
0.0 0
0.0 0
0.0 0
0.0 0
0.0 0
0.0 0
0.0 1
0.0 2
0.0 0
0.0 1
0.0 3
0.0 1
0.0 1
0.0 1
0.0 1
0.0 1
0.0 1
0.0 0
0.0 1
0.0 2
0.0 0
0.0 0
0.0 1
-1.0 0
0.0 1
-1.0 0
0.0 1
0.0 2
0.0 0
0.0 0
0.0 1
-1.0 0
0.0 1
0.0 1
0.0 1
0.0 2
0.0 0
0.0 1
0.0 2
0.0 0
0.0 0
0.0 3
0.0 1
0.0 0
0.0 1
0.0 1
0.0 1
0.0 2
0.0 0
0.0 1
0.0 1
0.0 0
0.0 0
0.0 0
0.0 1
0.0 1
0.0 3
0.0 1
0.0 0
0.0 0
0.0 0
0.0 0
0.0 0
0.0 0
0.0 0
0.0 0
0.0 0
0.0 1
0.0 1
0.0 0
0.0 1
0.0 1
0.0 1
-1.0 0
0.0 1
-1.0 0
0.0 1
0.0 2
0.0 0
0.0 0
0.0 0
0.0 0
0.0 0
0.0 0
0.0 0
0.0 0
0.0 0
0.0 0
0.0 2
0.0 0
0.0 0
0.0 0
0.0 0
0.0 0
0.0 1
0.0 2
0.0 0
0.0 0
0.0 0
0.0 0
0.0 0
0.0 0
0.0 0
0.0 0
0.0 0
0.0 0
0.0 0
0.0 0
0.0 0
0.0 1
0.0 2
0.0 0
0.0 1
0.0 2
0.0 0
0.0 1
-1.0 0
0.0 1
0.0 1
0.0 1
0.0 2
0.0 0
0.0 0
0.0 0
0.0 1
0.0 2
0.0 0
0.0 1
0.0 2
0.0 0
0.0 0
0.0 0
0.0 1
0.0 3
0.0 1
0.0 2
0.0 0
0.0 0
0.0 0
0.0 1
0.0 1
0.0 3
0.0 1
0.0 0
0.0 0
0.0 0
0.0 1
0.0 1
0.0 1
0.0 2
0.0 0
0.0 1
-1.0 0
0.0 1
0.0 1
0.0 1
0.0 1
0.0 0
0.0 1
0.0 2
0.0 0
0.0 0
0.0 1
0.0 1
0.0 0
0.0 0
0.0 0
0.0 0
0.0 0
0.0 1
0.0 1
0.0 1
0.0 3
0.0 1
-1.0 0
0.0 1
0.0 1
0.0 0
0.0 1
-1.0 0
0.0 1
0.0 2
0.0 0
0.0 0
0.0 0
0.0 0
0.0 0
0.0 0
0.0 0
0.0 0
0.0 0
0.0 0
0.0 0
0.0 0
0.0 0
0.0 0
0.0 0
0.0 0
0.0 0
0.0 0
0.0 0
0.0 0
0.0 0
0.0 0
0.0 0
0.0 0
0.0 0
0.0 0
0.0 0
0.0 0
0.0 0
0.0 0
0.0 0
0.0 1
0.0 1
0.0 0
0.0 1
0.0 1
0.0 0
0.0 1
0.0 1
0.0 0
0.0 1
0.0 3
0.0 1
-1.0 0
0.0 1
0.0 1
0.0 1
-1.0 0
0.0 1
0.0 1
0.0 1
0.0 3
0.0 1
-1.0 0
0.0 1
0.0 3
0.0 1
0.0 1
0.0 1
0.0 1
0.0 1
-1.0 0
0.0 1
0.0 2
0.0 0
0.0 1
0.0 2
0.0 0
0.0 0
0.0 0
0.0 0
0.0 1
0.0 2
0.0 0
0.0 1
-1.0 0
0.0 1
0.0 1
0.0 0
0.0 1
0.0 1
0.0 0
0.0 1
0.0 1
0.0 1
0.0 2
0.0 0
0.0 0
0.0 1
0.0 3
0.0 1
0.0 3
0.0 1
-1.0 0
0.0 1
-1.0 0
0.0 1
0.0 3
0.0 1
0.0 2
0.0 0
0.0 1
0.0 1
0.0 1
0.0 2
0.0 0
0.0 1
0.0 1
0.0 1
-1.0 0
0.0 1
0.0 1
0.0 0
0.0 1
0.0 0
0.0 0
0.0 0
0.0 0
0.0 0
0.0 0
0.0 0
0.0 0
0.0 0
0.0 0
0.0 0
0.0 0
0.0 0
0.0 0
0.0 0
0.0 0
0.0 0
0.0 0
0.0 0
0.0 0
0.0 0
0.0 0
0.0 0
0.0 0
0.0 0
0.0 0
0.0 0
0.0 0
0.0 1
0.0 3
0.0 1
0.0 3
0.0 1
-1.0 0
0.0 1
0.0 1
0.0 1
0.0 1
0.0 1
0.0 1
0.0 1
0.0 1
0.0 1
0.0 2
0.0 0
0.0 1
0.0 2
0.0 0
0.0 1
0.0 1
0.0 1
0.0 3
0.0 1
0.0 1
0.0 0
0.0 0
0.0 1
-1.0 0
0.0 1
0.0 1
0.0 1
0.0 1
0.0 1
0.0 3
0.0 1
0.0 3
0.0 1
0.0 3
0.0 1
0.0 2
0.0 0
0.0 1
0.0 1
0.0 0
0.0 1
-1.0 0
0.0 1
0.0 3
0.0 1
-1.0 0
0.0 1
0.0 1
0.0 0
0.0 1
0.0 2
0.0 0
0.0 1
-1.0 0
0.0 1
0.0 2
0.0 0
0.0 1
0.0 1
0.0 1
0.0 2
0.0 0
0.0 1
0.0 1
0.0 3
0.0 1
0.0 0
0.0 1
0.0 3
0.0 1
0.0 1
0.0 0
0.0 1
0.0 2
0.0 0
0.0 0
0.0 0
0.0 0
0.0 0
0.0 0
0.0 0
0.0 0
0.0 0
0.0 0
0.0 0
0.0 0
0.0 0
0.0 0
0.0 0
0.0 0
0.0 0
0.0 0
0.0 0
0.0 0
0.0 0
0.0 0
0.0 0
0.0 0
0.0 0
0.0 0
0.0 1
0.0 1
0.0 0
0.0 1
0.0 1
0.0 1
0.0 2
0.0 0
0.0 1
0.0 1
0.0 0
0.0 1
0.0 1
0.0 1
0.0 1
0.0 0
0.0 0
0.0 0
0.0 1
0.0 1
0.0 0
0.0 0
0.0 1
-1.0 0
0.0 1
0.0 2
0.0 0
0.0 0
0.0 1
0.0 1
0.0 3
0.0 1
0.0 1
0.0 1
0.0 3
0.0 1
0.0 1
0.0 2
0.0 0
0.0 1
0.0 2
0.0 0
0.0 1
0.0 2
0.0 0
0.0 0
0.0 1
0.0 1
0.0 0
0.0 0
0.0 1
-1.0 0
0.0 1
-1.0 0
0.0 1
0.0 1
0.0 1
0.0 1
0.0 1
-1.0 0
0.0 1
0.0 1
0.0 3
0.0 1
0.0 1
0.0 1
0.0 1
0.0 1
0.0 1
0.0 3
0.0 1
0.0 1
0.0 3
0.0 1
0.0 0
0.0 1
0.0 1
0.0 1
0.0 1
0.0 1
0.0 2
0.0 0
0.0 0
0.0 0
0.0 0
0.0 0
0.0 0
0.0 0
0.0 0
0.0 0
0.0 0
0.0 0
0.0 0
0.0 0
0.0 0
0.0 0
0.0 0
0.0 1
0.0 0
0.0 0
0.0 0
0.0 0
0.0 0
0.0 0
0.0 0
0.0 0
0.0 0
0.0 0
0.0 0
0.0 0
0.0 0
0.0 0
0.0 0
0.0 0
0.0 0
0.0 0
0.0 0
0.0 0
0.0 1
0.0 1
0.0 1
0.0 1
0.0 1
0.0 1
0.0 1
0.0 1
0.0 1
0.0 1
0.0 1
-1.0 0
0.0 1
0.0 2
0.0 0
0.0 0
0.0 1
0.0 3
0.0 1
0.0 1
0.0 1
0.0 2
0.0 0
0.0 0
0.0 1
0.0 2
0.0 0
0.0 1
0.0 2
0.0 0
0.0 1
0.0 2
0.0 0
0.0 0
0.0 0
0.0 0
0.0 1
0.0 2
0.0 0
0.0 1
0.0 3
0.0 1
-1.0 0
0.0 1
-1.0 0
0.0 1
0.0 3
0.0 1
0.0 3
0.0 1
0.0 1
0.0 1
0.0 3
0.0 1
-1.0 0
0.0 1
0.0 2
0.0 0
0.0 1
0.0 1
0.0 0
0.0 0
0.0 0
0.0 0
0.0 0
0.0 1
0.0 1
0.0 0
0.0 0
0.0 1
0.0 1
0.0 1
-1.0 0
0.0 1
0.0 2
0.0 0
0.0 0
0.0 0
0.0 0
0.0 0
0.0 0
0.0 0
0.0 0
0.0 0
0.0 0
0.0 0
0.0 0
0.0 0
0.0 0
0.0 0
0.0 0
0.0 0
0.0 0
0.0 0
0.0 0
0.0 0
0.0 1
0.0 0
0.0 0
0.0 0
0.0 0
0.0 0
0.0 0
0.0 0
0.0 1
0.0 2
0.0 0
0.0 1
0.0 1
0.0 0
0.0 0
0.0 1
-1.0 0
0.0 1
0.0 1
0.0 1
0.0 1
0.0 0
0.0 1
0.0 1
0.0 1
0.0 2
0.0 0
0.0 1
0.0 1
0.0 1
-1.0 0
0.0 1
-1.0 0
0.0 1
0.0 1
0.0 1
0.0 1
0.0 1
0.0 1
0.0 0
0.0 0
0.0 3
0.0 1
0.0 0
0.0 1
0.0 2
0.0 0
0.0 1
0.0 1
0.0 1
0.0 1
0.0 1
0.0 2
0.0 0
0.0 1
0.0 1
0.0 0
0.0 1
-1.0 0
0.0 1
0.0 1
0.0 0
0.0 0
0.0 0
0.0 0
0.0 0
0.0 1
0.0 2
0.0 0
0.0 0
0.0 1
0.0 1
0.0 1
-1.0 0
0.0 1
0.0 3
0.0 1
0.0 1
0.0 0
0.0 1
0.0 3
0.0 1
0.0 1
0.0 0
0.0 1
0.0 2
0.0 0
0.0 0
0.0 0
0.0 1
0.0 2
0.0 0
0.0 0
0.0 0
0.0 0
0.0 0
0.0 0
0.0 0
0.0 0
0.0 0
0.0 0
0.0 0
0.0 0
0.0 0
0.0 0
0.0 0
0.0 0
0.0 1
0.0 2
0.0 0
0.0 0
0.0 0
0.0 0
0.0 0
0.0 0
0.0 0
0.0 0
0.0 0
0.0 0
0.0 0
0.0 0
0.0 0
0.0 0
0.0 1
0.0 2
0.0 0
0.0 0
0.0 0
0.0 0
0.0 0
0.0 1
0.0 3
0.0 1
0.0 2
0.0 0
0.0 0
0.0 0
0.0 1
0.0 2
0.0 0
0.0 0
0.0 0
0.0 0
0.0 1
0.0 1
0.0 0
0.0 1
-1.0 0
0.0 1
0.0 1
0.0 0
0.0 1
0.0 1
0.0 1
0.0 2
0.0 0
0.0 0
0.0 0
0.0 0
0.0 0
0.0 0
0.0 1
0.0 2
0.0 0
0.0 0
0.0 0
0.0 0
0.0 1
0.0 2
0.0 0
0.0 1
0.0 1
0.0 1
0.0 2
0.0 0
0.0 1
0.0 1
0.0 0
0.0 0
0.0 1
0.0 1
0.0 1
0.0 2
0.0 0
0.0 1
0.0 2
0.0 0
0.0 1
0.0 2
0.0 0
0.0 0
0.0 0
0.0 0
0.0 0
0.0 0
0.0 0
0.0 1
0.0 0
0.0 0
0.0 0
0.0 0
0.0 0
0.0 0
0.0 0
0.0 0
0.0 0
0.0 0
0.0 0
0.0 0
0.0 0
0.0 0
0.0 0
0.0 0
0.0 0
0.0 0
0.0 0
0.0 0
0.0 0
0.0 0
0.0 0
0.0 1
0.0 2
0.0 0
0.0 0
0.0 0
0.0 0
0.0 1
0.0 1
0.0 1
0.0 2
0.0 0
0.0 1
-1.0 0
0.0 1
0.0 1
0.0 0
0.0 0
0.0 0
0.0 0
0.0 1
0.0 2
0.0 0
0.0 1
-1.0 0
0.0 1
0.0 1
0.0 0
0.0 1
-1.0 0
0.0 1
0.0 3
0.0 1
0.0 1
0.0 1
0.0 2
0.0 0
0.0 1
0.0 1
0.0 1
-1.0 0
0.0 1
0.0 3
0.0 1
0.0 1
0.0 0
0.0 1
0.0 3
0.0 1
0.0 1
0.0 0
0.0 1
0.0 3
0.0 1
0.0 1
0.0 1
0.0 2
0.0 0
0.0 0
0.0 0
0.0 0
0.0 1
0.0 3
0.0 1
-1.0 0
0.0 1
-1.0 0
0.0 1
0.0 1
0.0 1
0.0 1
0.0 0
0.0 0
0.0 1
0.0 2
0.0 0
0.0 1
0.0 1
0.0 0
0.0 0
0.0 1
0.0 2
0.0 0
0.0 0
0.0 0
0.0 0
0.0 0
0.0 0
0.0 0
0.0 0
0.0 0
0.0 0
0.0 0
0.0 0
0.0 0
0.0 0
0.0 0
0.0 0
0.0 0
0.0 0
0.0 0
0.0 0
0.0 0
0.0 0
0.0 0
0.0 0
0.0 0
0.0 0
0.0 0
0.0 2
0.0 0
0.0 0
0.0 0
0.0 0
0.0 0
0.0 1
0.0 2
0.0 0
0.0 1
-1.0 0
0.0 1
0.0 2
0.0 0
0.0 1
0.0 1
0.0 1
-1.0 0
0.0 1
0.0 1
0.0 0
0.0 1
0.0 1
0.0 0
0.0 1
0.0 3
0.0 1
0.0 2
0.0 0
0.0 0
0.0 0
0.0 1
-1.0 0
0.0 1
-1.0 0
0.0 1
0.0 1
0.0 0
0.0 0
0.0 0
0.0 1
0.0 2
0.0 0
0.0 1
0.0 1
0.0 0
0.0 1
0.0 1
0.0 0
0.0 1
0.0 2
0.0 0
0.0 1
0.0 1
0.0 1
0.0 3
0.0 1
-1.0 0
0.0 1
0.0 1
0.0 0
0.0 0
0.0 1
0.0 1
0.0 0
0.0 1
0.0 2
0.0 0
0.0 1
-1.0 0
0.0 1
0.0 1
0.0 1
0.0 1
0.0 0
0.0 1
0.0 1
0.0 0
0.0 0
0.0 0
0.0 1
0.0 2
0.0 0
0.0 0
0.0 0
0.0 0
0.0 0
0.0 0
0.0 0
0.0 0
0.0 0
0.0 0
0.0 0
0.0 0
0.0 0
0.0 0
0.0 0
0.0 0
0.0 0
0.0 0
0.0 2
0.0 0
0.0 0
0.0 0
0.0 0
0.0 0
0.0 0
0.0 0
0.0 0
0.0 0
0.0 0
0.0 1
0.0 1
0.0 1
0.0 1
0.0 1
0.0 2
0.0 0
0.0 1
0.0 2
0.0 0
0.0 1
-1.0 0
0.0 1
0.0 1
0.0 1
-1.0 0
0.0 1
0.0 1
0.0 1
0.0 1
0.0 0
0.0 0
0.0 0
0.0 1
0.0 1
0.0 1
0.0 2
0.0 0
0.0 0
0.0 1
0.0 1
0.0 0
0.0 1
0.0 3
0.0 1
0.0 1
0.0 0
0.0 1
-1.0 0
0.0 1
0.0 2
0.0 0
0.0 1
0.0 2
0.0 0
0.0 1
0.0 1
0.0 1
0.0 2
0.0 0
0.0 1
0.0 1
0.0 0
0.0 1
0.0 1
0.0 3
0.0 1
0.0 0
0.0 0
0.0 1
0.0 1
0.0 1
0.0 2
0.0 0
0.0 0
0.0 0
0.0 1
0.0 1
0.0 0
0.0 0
0.0 0
0.0 0
0.0 0
0.0 0
0.0 0
0.0 0
0.0 0
0.0 0
0.0 0
0.0 0
0.0 0
0.0 0
0.0 0
0.0 0
0.0 0
0.0 0
0.0 0
0.0 0
0.0 0
0.0 0
0.0 0
0.0 0
0.0 0
0.0 0
0.0 0
0.0 0
0.0 0
0.0 0
0.0 1
0.0 2
0.0 0
0.0 0
0.0 0
0.0 0
0.0 0
0.0 1
-1.0 0
0.0 1
0.0 1
0.0 0
0.0 3
0.0 1
0.0 1
0.0 3
0.0 1
0.0 2
0.0 0
0.0 0
0.0 1
0.0 2
0.0 0
0.0 0
0.0 0
0.0 1
0.0 2
0.0 0
0.0 0
0.0 3
0.0 1
0.0 0
0.0 0
0.0 1
-1.0 0
0.0 1
0.0 3
0.0 1
0.0 1
0.0 1
0.0 1
0.0 0
0.0 1
0.0 2
0.0 0
0.0 0
0.0 0
0.0 0
0.0 0
0.0 1
0.0 2
0.0 0
0.0 0
0.0 1
0.0 1
0.0 1
0.0 3
0.0 1
-1.0 0
0.0 1
0.0 1
0.0 1
0.0 2
0.0 0
0.0 0
0.0 0
0.0 1
0.0 2
0.0 0
0.0 1
0.0 1
0.0 1
-1.0 0
0.0 1
0.0 3
0.0 1
0.0 1
0.0 1
0.0 1
0.0 1
0.0 2
0.0 0
0.0 0
0.0 0
0.0 0
0.0 0
0.0 0
0.0 0
0.0 1
0.0 2
0.0 0
0.0 0
0.0 0
0.0 0
0.0 0
0.0 0
0.0 0
0.0 0
0.0 0
0.0 0
0.0 0
0.0 0
0.0 0
0.0 0
0.0 0
0.0 0
0.0 0
0.0 0
0.0 0
0.0 0
0.0 0
0.0 1
0.0 3
0.0 1
0.0 1
0.0 1
0.0 2
0.0 0
0.0 1
0.0 1
0.0 1
0.0 1
0.0 3
0.0 1
0.0 1
0.0 2
0.0 0
0.0 0
0.0 0
0.0 1
0.0 3
0.0 1
0.0 1
0.0 1
0.0 3
0.0 1
0.0 1
0.0 1
0.0 3
0.0 1
0.0 1
0.0 1
0.0 1
0.0 1
0.0 3
0.0 1
0.0 1
0.0 0
0.0 0
0.0 1
0.0 2
0.0 0
0.0 0
0.0 1
0.0 1
0.0 1
0.0 3
0.0 1
0.0 3
0.0 1
0.0 2
0.0 0
0.0 1
0.0 2
0.0 0
0.0 1
0.0 1
0.0 1
0.0 1
0.0 1
0.0 3
0.0 1
0.0 1
0.0 0
0.0 1
0.0 1
0.0 0
0.0 1
0.0 1
0.0 1
0.0 1
0.0 1
0.0 1
0.0 1
0.0 2
0.0 0
0.0 1
0.0 1
0.0 0
0.0 1
0.0 3
0.0 1
0.0 1
0.0 0
